25.620314701866015
25.20320143091228
27.89466936790219
21.03719750364265
22.937104776026132
25.766759048110256
26.76523591967929
23.808301356375477
23.925769217831707
25.295168924612007
28.108619750119857
22.067976467715532
24.972713940116627
27.943037339428713
24.843675145550172
25.382364859045996
28.638776975839708
28.578360033195953
22.893172884562198
26.201602144047712
28.45613539902456
27.527773305233403
19.44191556000712
23.956706205848455
25.00987241309665
23.184919501124448
21.91346164724093
26.832302512476762
27.602095516122088
25.474783906009687
28.268379885079774
25.530092044480398
25.630504366434568
23.648556831569447
28.260756556046957
27.967977806786163
25.865529442358575
25.875336181704146
26.06739063633074
21.315216314223242
24.594827312860748
20.469274500409924
25.453700713275726
25.559084068023964
22.216312377836616
27.721792801548887
24.283738117009552
23.321250188278956
24.995183320898523
26.108237532505132
27.159701814070466
25.614846672745077
20.35267250672016
22.011435512984956
25.461831734751485
20.435867614657134
20.02539566781882
26.326086663033255
22.923534517458542
25.01370365638458
27.594340730362298
23.75132398920986
26.9170301801184
24.48954962869482
28.525247994090098
25.067231103358623
23.188834570778592
22.71289966235348
27.63458061140685
24.292085200574782
25.142388132824735
25.929661190307257
28.009032173723632
29.899959910624073
23.749417142629188
22.068014495711648
27.728953939974698
20.701306304130462
26.582209789000316
26.6906485930507
26.417851384289524
24.43805173234653
27.74785696154422
25.8677068341262
23.716866267455078
24.958325318637343
29.833959037355097
26.058474752061343
25.961794987350512
26.680604835473915
29.070331710775285
28.37606937683057
22.47189966728388
24.880411010631107
28.2502447096041
23.298768842721746
27.07012418119023
25.955381912288093
25.22247303943369
25.38099297137845
28.777485985318254
25.816603813484267
21.315734447194075
24.623725440570897
26.966026321746632
23.396500837297598
24.721717930392696
24.111154321998484
23.590901556550936
25.750757205215482
21.447908953576317
28.896970868520157
25.577846624679907
24.400037284385235
24.88876658754006
24.65334289588488
27.144496857919904
24.56602119299454
27.740021888319426
23.05655018061321
21.182245334099953
25.747158017335003
21.972729283895244
23.74990634399505
24.13125108986866
22.59137329059159
28.39173776743718
28.96040049996662
28.68488903182086
24.893754162364093
23.422008064586013
25.449246422617446
21.67821491222189
30.240775905390095
22.445189550923953
22.357050002592167
24.53027750197426
25.13841612225395
25.906757890528574
22.981534545948186
28.09732684219116
22.48669707002675
23.601638414935096
22.38780115306632
27.51673784285315
25.719833101901113
23.50384189252049
23.502088423009113
28.73788210149762
29.552432380968042
24.346408206029256
25.93380656065679
19.534070980411066
24.238020171728934
21.182063901183515
21.6059455985939
25.540975310392774
24.438009415597964
21.509558775905532
30.17839288208049
27.699660887461015
25.278563160240314
25.434203409792808
27.895452538626586
25.701297831683423
27.59968639146757
27.332609402267863
22.450636303881478
26.54942491769451
25.87468057435142
22.86621794977108
24.495610413124613
23.26335536301614
23.218095147613635
28.196505879179078
19.033952739579775
26.81005950225869
23.569854014196263
25.259432920531395
18.885699988730202
25.44260927987156
25.902397364193
27.381207164112244
29.25393387488045
24.339794297972258
24.204133658620933
25.326441618377626
19.328047995847196
24.375549368000105
22.071078726466727
25.52502165619196
28.18878731097428
29.630873688960257
22.435448488684436
23.228627035190378
27.499615467408912
24.89928637430112
26.21678156877272
26.204805590942474
26.84658441854737
24.58388207938113
29.48072686101298
26.1440718460469
25.703357098977385
27.893486108211707
25.099684954716253
21.180277711064836
22.186566969059243
23.57469602243384
25.89227389725324
25.658198802302486
20.56227886032831
24.96523576429521
26.34816608296816
25.105983617537447
23.282293043813464
23.07416050199052
25.224017895650928
24.154801502325036
20.428478564310762
24.959723176549613
24.296356267729557
26.358062920499663
26.02015848896727
29.119217997996554
24.150684917078806
25.287569294047866
23.974055578872118
26.833394805494432
29.760253931833393
23.13695979376644
22.922104565570535
25.450091261438736
24.68890821037729
24.05195559665026
24.965522740771046
23.93246193056949
19.55823724842245
24.43192699007852
24.917583182237493
22.087212064207442
24.70458349386372
23.406055017565308
25.036989155720857
27.059099159198418
18.798958767802144
24.322635393251744
29.4807414887111
26.36086043248356
23.534643056579643
27.598065725041476
25.12223842552391
25.644296545097596
26.906787163926772
28.51942197367314
22.36601233617948
24.223556685227017
24.526481292592546
25.180441077489892
24.534188484327036
27.760772739979945
20.788730601773217
27.183127344832542
26.697254433049988
25.360749788706116
21.87357661543459
22.709229316575172
25.275145483888295
23.389603684018756
27.523431502357248
25.279203349056093
28.385044963154947
29.166001881304023
23.195429485521462
23.862800401227933
26.83815529511365
21.666866806531115
22.855494173312458
21.037931248366714
23.480162855147725
27.59933909566497
25.867826360177148
24.756471099970714
23.472017620014643
27.771005145031403
19.294708929829557
23.34934234016647
28.39933297481803
24.130711295819324
24.440256326913662
23.445438623382493
20.66648142556587
26.782037131550737
25.359644525496595
26.436411005853817
23.496005568690236
24.71772471292522
27.487489292950066
26.36240162019744
20.861483966035625
23.68513388908924
21.65694859184933
26.04946671814484
26.58194848786668
22.545689669638328
22.29489861190031
26.209602542732853
23.21788012899894
26.051292511850875
21.24318820581217
25.19935423946326
22.967381318598058
23.28799250982333
25.502450845167168
28.079626121373003
26.77339370136847
25.282897504351997
27.97895134000827
29.566383388411577
21.02784157017652
24.652808788519188
22.877028939466243
23.35223623162984
27.280172188509912
22.969748579632345
26.853691421578826
21.292431635251905
29.702780972432397
28.02115948770669
24.410485400703518
23.885954489352233
25.844787996668085
22.02838108718469
25.751732693407707
23.343857709161682
22.79969770534681
27.164885592725206
26.65669220075416
25.504921830504784
30.84870307942803
22.07132704148042
25.405886418221126
21.510916365492896
28.3570027296582
27.493164153664924
25.25863121715733
23.28934940359919
23.339523040693166
24.24238561754605
27.7663129294478
23.871089105245982
27.09465591703433
26.71196040469517
26.75510352503946
24.774874290440163
25.619860106973576
30.09694156418822
26.758443137323944
22.173248734657747
24.66314753413806
28.473678718831284
21.54541542564426
24.461096525532792
21.485074770584305
26.980429035102357
26.83339488283348
28.914357395778012
27.842961216297002
27.153265714726203
27.77504282290959
20.172321460568302
23.357795931121917
30.856116258815177
27.13574866203188
26.049441162855654
20.326236444353402
20.378695772166445
25.711822529684106
23.7011265267946
24.228714299817895
22.001114414076635
23.31808383304594
25.849536058093292
27.185305832996146
22.893441436712614
21.283723064504155
25.21531020471712
26.125328298616083
22.43487710517323
21.8193831594715
25.7343632093347
27.36628742268476
24.749351597631836
20.25815323979083
26.410063693707556
27.305019681777797
23.301112282309184
26.4738757445068
26.64179231524226
26.95532661141641
23.323004831114197
25.73343946442172
28.79317881769244
26.29124276780742
21.311571130006623
27.295549349073962
26.480555019917247
22.826879286671016
24.344939002171536
27.662205911992707
27.310827670486848
24.62074177097756
25.926077675844923
25.277007596242257
23.34483377754833
24.19397991379219
24.858234972126333
26.472932421358635
20.99501580774436
24.92893919530949
20.922766291833344
26.536127018291303
26.808274005820216
22.96236493837738
26.083858297171314
23.410717956263277
24.273861462740165
23.50760368758
23.69546352589433
23.74673261391553
27.77750204298942
25.902084218702285
22.015766987249947
24.242789275774474
25.05539633919822
22.813048383200673
25.958011827884704
23.77760522498625
27.566884007162514
29.572237893080256
26.716073556307986
25.229695234110775
25.953482582639623
24.878368759967348
19.693324871467105
25.877743829227924
27.892376166802666
25.489259789230676
23.719312956816008
25.655872119702465
24.59599695538313
29.02122378048678
20.757880138110984
22.983764109352858
26.644336511478215
22.125103853103244
23.018817125634666
23.88131753159983
25.467901288325727
26.615376602165604
19.644000003109667
29.419603688607552
24.550369658948394
23.62919228059073
22.61794508233838
24.69701700748465
28.12744383637804
27.177707520611172
25.06596186957263
26.46032914971354
24.927273945974527
23.49805248806367
25.962801104838732
27.4063280727313
24.67966038474162
20.884818946177926
25.616303366685436
25.31609624504532
26.584311465691854
22.896900970494784
22.582839783248918
26.759644716510078
27.04775547693602
25.846726680835594
20.122200929956286
21.591072698551187
22.946243607505547
25.844693817187547
22.921561623015872
27.97380786702235
30.056054809978754
21.905160493690627
26.501458366586757
21.56127959755148
20.856962669929104
23.431568021950227
28.164557113638754
29.161352714700577
24.348623647891856
26.8871156431976
25.075839731286617
30.792284836040345
23.34972326752626
26.66379056633428
25.589338491003865
22.980239215333302
23.863589950518058
26.09772307688957
26.076539102457478
22.817519372494242
28.721878816679812
29.17644429015855
21.794019413689327
25.142218596383124
19.25403104695764
27.339146595444134
29.279120285339435
26.16709299816471
19.631507436995353
23.238865552848985
26.16754267539919
25.585620372211423
22.653511632927287
21.788210457997845
25.323113299794272
26.80481773903455
27.42688000808819
23.012801797049377
24.45808728818801
25.427356882814678
25.538851417845716
29.004599079136838
22.210659764562653
28.692203080830367
23.508541714014576
23.90909240126536
22.127458229357117
23.472149810050638
26.4738641430854
20.736718917929622
26.828917118679964
23.428805995110636
25.942361993558652
26.987806481327066
26.902366347394548
26.496813034654334
23.835642679966583
17.832736248108326
23.657600284908376
26.802406905989695
27.91279534543446
20.20823533802222
22.59426494323806
23.964020105506723
29.952795101228727
25.250771760386552
28.299027268694786
25.08772446045598
30.66491415123335
22.457184690325683
25.878683966822678
23.625977366720935
29.022872507405086
22.539974189432083
27.273547112730874
24.53185408158916
26.932486248578545
26.521093139068473
22.97347199588922
27.412134034695004
25.887226407793865
27.645026249182724
28.483941500840654
23.12316066263482
24.16212167245683
24.703593837907917
21.356187740346435
26.842958320286808
24.97821824185497
24.722809538900076
28.911908832102
27.03003997870044
20.675066670397655
26.089649572987206
21.016820060041482
23.304009206792994
24.091560736819446
24.532432633937532
24.956156907909413
22.55501763961832
22.167580731201333
24.851433287129975
24.72534269955939
27.497587545424075
26.63169451111206
28.115726724801085
24.614072921483388
27.181136468328223
23.82316138716881
24.13788973982922
25.32352024534428
26.59233114628271
24.500633952888247
21.413067963612612
23.69462651851308
25.163131481899395
23.87779398046756
26.143687469658374
25.3006893724599
26.690831649275463
29.35081443322511
21.633977511662057
25.24023130854765
25.95099013826011
26.54705073313562
25.2550239723936
25.139074539922646
26.282945551397045
24.637663428092214
28.304860674356043
26.756484300658528
24.62360612790162
25.258302367954578
26.054157574991137
25.855597357224077
21.455278233777015
25.593700879422865
23.798640628214184
26.954347055766842
24.624288084093042
27.973974225694505
25.614333221740782
28.35779537523962
26.66692169418069
22.46492130312427
27.6995162441177
25.345540395523933
25.485959448638862
21.819198673342505
25.906995312914624
25.530688012421372
24.926486089898827
21.272952913908263
25.782211944896734
23.1050468502415
26.672111867342473
24.553088871091767
27.343349630789444
26.36088508261791
22.38733589914958
28.61526092386027
24.020713370945348
27.537587459359788
28.175072932502705
27.68625904818023
21.837230128378312
26.608005308736715
25.60540697691037
24.996470564443104
26.027173078973092
16.378565506430245
24.405106867101956
29.326888517806626
22.20341147381271
26.8642090944927
24.746153935812906
24.513459007546142
22.64559235492776
30.527297687402186
28.411619184536843
25.565640650015702
24.35866825426954
24.36062983575227
23.007136497935825
25.153179675545886
23.64676734957488
26.83521275170135
24.789455696192935
28.194445076603863
22.253998328977595
26.527263903272505
21.85351471161585
25.44508660116432
22.284950178347547
22.163871490255314
27.23967708140874
26.49433467844794
28.759908375307944
22.0459832964703
22.850982459596125
27.508346939385422
21.772164502597295
23.324041515081262
27.360276916225626
23.980643415050547
26.456282528494594
23.65500788504901
30.00317783682782
18.59043999966295
26.73300699351905
24.749225661125458
25.79959087736421
24.95334792577735
28.452124134960723
27.880633508175734
26.14630984551506
23.567522687784074
26.64736461754047
25.002722357875278
26.789300073532058
20.171285261205323
24.174519192916833
23.974712317121302
22.96749399253983
24.208691895192526
22.318568717125295
20.268119409215373
22.789365000328573
24.64876284590092
27.16085514897186
28.8822919416224
21.71812871590621
25.13283478500326
24.719031900391137
24.83610319883906
29.097007633716352
25.22298631788139
24.373418035663754
22.37909500669596
26.11042666028217
25.848670924205184
26.993404318057195
26.291691807429885
22.938169896641057
25.953165261007584
29.58457071317141
21.27795307756125
22.621824799719086
18.81929704434644
23.86506802844492
23.163126181214245
26.505794960354883
23.700946952756265
23.000513942951336
25.005344815469215
23.76532615928102
26.115432361948166
28.1776092620956
26.587707592429137
24.388495903996567
22.465706902356345
28.4998446731524
25.32324093534589
23.822764787273545
26.294703434512495
22.28225954862049
22.586275344933036
26.015981100305407
27.372637765530506
25.446485285954104
28.914704525267968
25.763747986742604
24.079614920507737
25.437215573168622
21.985024411793837
26.621296328735017
23.364552820123325
21.992649128399453
27.273957351742443
24.61424845081464
25.009150951344896
23.977821151020954
24.786077753554522
25.07141411411191
24.373029571864485
25.29989872614681
28.85590690454476
24.92141960484356
22.745276486213612
25.227650751240684
21.876070981243146
25.99621329811855
21.330506913246566
20.758298453171005
25.682558960300288
26.181986981688045
24.94142144923915
29.466497776174585
22.61337852059871
27.6877958168284
25.344132293917898
21.802467974027333
23.579736489371996
24.569137153642718
24.74376795110098
24.449965810802208
25.116946324097643
22.12634960615226
22.112826654867575
25.05572109990272
25.250953300454857
24.24360586328111
27.17520160925246
25.3433679376513
22.509498419900538
26.369575794502282
23.244957833007412
26.98933207015931
23.33871794037
19.317996257578983
26.022093726577648
23.259095764589734
26.43468839779695
26.691563559702377
26.713543038825893
23.017152517098946
26.81524210641355
22.314335128292097
26.39068436191441
26.386177559460386
26.55976562682044
29.144175803387157
25.805811672323774
25.925824404755648
24.965145153057392
24.055550282453535
26.295523631354786
24.462491669864768
24.34873753383939
24.580314462110703
25.85790930607025
22.127039850740168
24.8817399122947
26.07134120261716
24.572204175788595
22.928781246890416
25.61576298182271
28.36870719917322
26.3006959828838
19.994079706744223
25.852744962966412
24.654088406386645
22.90616409250885
20.739670458901198
26.085041279904395
22.23446291668862
26.410057287487415
26.810907880867592
23.078223089367025
27.82264938477643
26.87986417039212
26.08894296281378
25.27885962978931
27.025618371320338
24.634089133261522
24.760615089771825
27.63107204191315
24.201985416079268
24.112394946114772
29.387532622850163
24.131295077631936
25.858856602011308
26.053281986781794
22.54758678068586
26.040788719003366
24.404038261072365
22.496228201767096
19.486788481699406
21.926298996422886
25.637775562562748
25.097075244914272
21.878690771908715
28.27350254643235
26.780157667705478
28.247262084771737
20.78432121677684
23.74170333217463
25.396490360572745
26.304631825896386
23.172883200067577
29.224862363830816
22.87509582810627
25.04935764510591
26.59920784916373
25.23257925928809
27.472700565045496
26.14555220810028
22.88072387304488
25.393353671752237
27.221456039053002
30.1386534099708
24.657056420047166
25.075881753402506
28.02936552149087
24.03083524052619
22.18616573707533
27.164181028716378
25.760376287021746
22.729646523406856
25.80938006501334
25.11178105370982
24.701662613690978
27.080907633318553
29.16540105524549
25.79852865617292
30.91059273617466
22.706676866025596
22.117574100682017
22.774567451925826
22.564939770108094
21.69932194583759
27.26232683391379
22.34470062661727
23.63618428637215
29.335372003003123
25.417955196941833
23.350286606877916
24.59954108062911
23.27171490689559
27.573413867799516
21.42724538219086
27.760102196360666
26.572768861351204
26.471896345784536
27.779612543617432
27.94679364407705
23.839205459193547
24.03139836660116
26.436642102171014
28.176539175395416
28.653522233687887
25.80769730509042
22.452724061156818
27.019726231670123
30.68960878060489
26.9118652954145
28.077176528762077
21.32085581146585
23.54737566775465
24.562647381046478
25.689552732967947
23.232864368772265
18.64279354241869
19.349215863317212
28.947183906016814
24.42777535387559
24.53078568587275
22.543931435365298
19.12563339264284
25.797410025427567
26.010134891204515
26.01701731697841
26.429299538619265
25.570286723082745
26.662245574110717
22.967153563116998
24.090216345702025
25.76648989574231
24.900347552880547
25.5956900306929
25.676855248228673
24.97417451709652
24.274439197011304
24.256204928599924
19.517987639182593
22.33118538295397
27.4666047545664
28.829399475657794
26.04827307842076
27.690298271607503
20.96942502764541
26.24600838195498
23.510291903056817
23.356254009335522
25.914930661646757
18.741915083072584
23.9338325632468
25.396092705851114
25.59930981058795
26.890573437315254
27.991051869737355
22.829249677120636
26.72157336256048
24.219026936297762
26.07464403454606
23.32099468343714
24.06908353387507
26.165919037533563
20.984675519718902
24.10150591969146
24.863286608402362
27.322745321672453
25.90533481760908
25.679132101603173
26.900063688418133
25.848207833395364
23.36786490196242
24.752902696738534
25.248559753487136
26.6851137963789
26.395273613452176
22.990790700883537
24.97577366315427
20.58916940543186
21.608351379955845
24.20692034902442
26.13752014119749
25.48898938215984
25.167325543796682
22.477405535366334
29.203271984970854
28.324408468174926
22.686053619575542
21.4835399113566
26.050571991265915
27.382434609191094
24.57810219822516
26.911445806869498
25.732527413393257
22.3954082189592
28.438568697306078
22.48770456415616
29.051714110370224
30.519837438561613
31.763474531652584
25.32513410764993
28.7319955137077
24.13978908977799
22.574834528594547
26.86290107082209
29.656354869723422
22.847395673808535
25.176851593087164
27.316402451283746
22.813619453524055
21.765481044071244
28.21359979909091
21.783322984896493
22.383985216147455
25.457104123751776
21.501421822161944
21.584232217244814
23.7753281797768
23.193258144693168
25.600258488959554
26.093626570924513
27.059959064095615
22.074613279255882
24.01643944945923
28.177766111770687
29.189017502065234
29.163929644817166
27.609364964722513
24.29079554656109
24.006681747438495
21.720350303953516
23.851503299185147
24.438775875266515
24.905577227257584
24.759058172138268
25.128216677908462
24.309613920424614
19.84258965760969
28.9168340643616
26.876609115791638
20.737920155208144
25.39884003112514
26.817968923496224
23.30392127635719
26.435406557043624
23.886564018486784
23.823339109867202
20.9008091751236
26.484368678919363
20.070553112832417
24.387111281082138
26.66667166228251
27.979725610827163
24.535101234271096
27.29578665837143
23.08377589667
24.045570390233497
26.903963430393176
23.738572232758145
23.93577273743196
24.881863263525293
24.545826940944146
26.78409278788479
27.775223221753233
26.50099646836499
20.17669067055734
26.232544165735725
28.7374802302588
31.137196147834516
27.311042254327344
24.701779871758127
26.35902719365543
27.59728106009263
27.63551434501028
28.943021322294268
26.267239431709434
26.45113195713362
24.250784944369773
27.64784759766389
25.612197916729176
28.59988540980269
26.489855645330376
23.652025754692506
24.558007995182823
28.127552318895205
28.90374194614191
24.40183343202656
26.57768056505958
27.30828737976155
25.808178875728363
23.936767159750534
25.483652798458643
21.280224972906186
23.1280639876291
24.24154532748263
25.105822996439784
26.888634659646165
21.515364860412348
28.722720925034427
19.910350474642797
24.669352374853492
22.700551128130126
21.714344574502125
29.1322081124707
30.01510279354255
27.29871618615085
24.9464444435645
23.660489661194788
28.37359044836571
22.273387276201888
25.20078635600435
26.156187158446762
25.994790095516883
28.015069472877563
28.219752405633546
22.13460899196791
23.891380318592777
24.348984304965814
24.130053358327505
25.801700928242727
26.10599855815005
24.265717319005567
22.78009106746062
26.20818963844042
24.938933639192538
24.816488181834284
27.108351586668864
26.639192722925316
24.27784351467713
24.204617998580083
20.511892702811164
24.213567555898667
26.25891140916493
24.714634574659943
23.61969686222247
27.422660867188323
24.843835628977747
24.70874058087951
27.229563204200616
18.209065478079143
28.27656866453265
25.252445413796156
24.024983719615843
27.064528978962898
23.310640684381546
22.948806367747114
24.094142141235157
23.031987764609227
23.011855351663353
23.708009160514763
21.3285015678055
26.782017635398503
24.142840679829764
28.31881213517572
26.57670855998397
20.593906666902665
22.264220126101165
20.63684198899157
21.682943028310586
21.761683083511137
24.776333015014217
26.27594261689971
22.563183022217682
27.140440245143786
18.578105482382558
26.65675983781978
24.658398326703693
24.606642869604013
20.841265011611863
20.013722433252564
21.461857349388193
20.946897179386944
24.448992103585404
25.229492838835082
22.92193361162231
22.91865827143144
25.530577288475005
23.099978811532935
21.476263109686588
27.266403634858143
32.89105692385868
27.78421625106105
21.735352436518756
24.85316541381145
27.898076705044552
23.929011614016428
24.88121718310998
25.81880072625067
24.591260495422055
26.342991487852473
24.82980371464892
25.100512544645227
23.028780965611908
25.204390511743046
30.769750160517898
27.501426094862495
23.95630216952188
27.561525156201775
28.1973141974621
30.426455610938877
24.63462590870171
23.595152810192875
20.93378883453925
29.005662335886697
23.046857018272057
24.516844249591962
24.69827229569205
24.94382998616792
20.540876154179045
26.509250101798997
24.725632564901748
22.74896076300646
26.561654293896165
30.821034011095453
28.015735987644614
26.00677210485446
22.730354111781715
20.669883626680317
29.47590479313268
24.108886893760026
24.874111798938973
23.9116828425457
26.01170306475984
25.375320243645668
26.40782082386104
28.75961297776185
29.850288331717408
26.126554542479173
21.50750709993013
22.249182768368886
24.924831390585233
24.276617796712078
27.342588574628312
29.94082989007207
28.707687854432898
25.83491652005446
27.60877924480691
28.542530182626358
17.95596480090547
24.504634228267033
26.797053572687243
24.031640301031178
24.696243004277836
27.431297079506077
22.740524392300184
31.054158977257533
27.966841659175504
27.856775682409783
22.592898904187265
24.288371587657146
24.592043583771538
20.81629099291435
25.58506323581825
26.59998460171721
28.708045087130987
29.042956546526025
26.064012452413934
26.32115867064837
27.98173878492347
29.089753319308954
29.51577071489928
23.474421498536486
19.00023829913605
24.455714307464774
30.793060428697363
21.27816040338772
28.11577471700927
27.46623081071068
26.78990697070982
24.056666350365752
29.57984382590623
27.02335441157828
26.938488898028396
30.677848528606006
28.012935162888006
26.647729209119838
26.554471244100498
24.260068317262988
24.145954776712568
31.856719494088562
28.631774918539932
25.369250076680466
24.312495282050836
24.113833362456262
27.054763634225083
27.342457722692654
26.174418844040105
26.2258359975208
26.38833807193195
27.445466657043355
26.767145369758055
21.272189495462907
29.12978835570378
24.83789317829455
26.682925923588652
20.578301969804947
24.835718471908176
22.15655855862259
22.86226451496663
30.596267338416563
25.67103778001221
22.52408593910818
22.071261204775602
24.740321746882238
21.24595881759809
21.766167754693694
30.57968520514244
26.503901066625854
24.86420890923964
25.312908759349767
23.237766520996914
24.823335566094375
24.786673507700154
28.610543136013042
27.639305949498773
22.427380707018077
24.088011904430257
20.15243401736124
27.993664130593082
22.534512768990886
26.520858230133054
25.88617961967083
27.105231559888733
30.911669986144165
23.44755188819697
27.32590846860419
27.279526900625132
29.269486547216637
26.936129594175437
23.09749811156276
23.307600703967797
25.008843254758023
28.323622619267628
25.414538762002895
28.372258267363065
25.64059718160495
23.810259464946434
25.14736210152114
26.03393915458694
28.154259979794517
26.742243487135685
22.530480340145104
24.417908158585135
28.89307721326679
26.489117869075574
22.140792603814006
25.739523283864855
28.797348532130783
21.740032230426205
27.49356737299298
20.8597206386035
30.468646482481976
24.18978068048348
26.77605601449216
24.847183440113426
23.73179655338804
26.27573548311453
29.334304922548505
21.737922526181748
25.957788547379003
23.0850672528706
24.940539387501957
21.10917815513018
29.942922590416465
27.24991786805398
26.992696777367453
25.658733416761763
24.0253667486265
29.718056580745614
21.65922332210773
22.63398874145611
21.26842253537577
21.69068286840032
16.764854555769805
25.262473920086354
20.716716424569952
26.227877956464074
25.869989193705145
23.056443237962583
25.063310151972665
27.26498009011069
25.865780890650992
30.884360654935914
23.475525302595493
31.0227185195439
23.718710768862813
24.67351645489332
25.049992890464978
24.002393269161942
29.527072766893447
24.272305767788513
26.954542734628784
27.26141682808703
21.788833410532604
29.51585681828803
27.242933319197864
25.665131641883306
28.2740316222704
21.006264926034625
22.827923880323386
26.028120352684102
28.40116556298252
27.539319594109852
29.51366145192539
22.242989835688615
24.273207952156305
23.393781953698085
27.678411588928714
22.179986432335912
25.381460750918684
24.94228749649334
28.334996907442875
33.345212374967076
25.43944182730276
21.745052157119485
27.66754647900187
24.092868812430183
23.30563936757033
25.289872395739696
25.0245347115887
20.51203912513721
28.888532106095468
25.065904938268233
22.51510873696342
23.00796305053056
19.763426463863578
27.15321497446372
24.16511847353564
27.11298641910711
27.18894496287445
27.278718587445347
27.112985637686492
24.73524135246656
27.88200389450517
23.85582475537801
23.968073314765626
26.672394494663276
24.295399666712914
20.670412058325464
24.759023024771512
22.984238979137867
22.234100657386296
26.898003672473752
19.769095944940275
26.63375264904559
26.528791380693665
23.960561255653634
26.605785730608524
24.533455025097307
22.51649186880693
28.255438033559688
27.02550929565285
27.097126099075535
20.532335643112177
25.585994193200086
23.386685328640148
27.209594943240063
25.442312215215548
25.68316291108388
22.53032022048948
21.51329191972439
23.958754978031507
28.690269696005394
25.126285522431086
23.98934121680564
24.429636290646357
27.756158172427185
31.199542079762896
26.949597754757708
24.042506671041828
26.22427269362346
24.568257868016993
23.281855145921377
26.674841115496264
24.52582199098811
22.13103131018532
29.612930570158703
29.631324915800217
26.80320682482008
26.791927784676353
21.89483341914659
25.75442141952473
23.764011979042927
24.156764594253843
22.461552975612967
22.21684734287214
22.732708195068696
26.28877874238491
26.70586997772481
26.068434715958322
26.816686691119372
25.941130735006904
26.67405154442334
27.257573434234732
23.312152750462506
22.146375996445528
26.18314347909659
21.980278061144425
22.5501796139979
24.755912940121792
26.337910842076372
26.752707021998706
31.508884336124137
27.530557854691914
26.787334625391207
23.70719516656925
25.727187395391176
28.32863767786125
26.729160839054956
24.919213146867325
25.7693273451062
28.829792706424776
20.025908933314522
26.33835264493328
26.715059552560337
25.71844349960448
23.60617862382513
25.463675858515348
27.521198608075526
25.945614289257996
22.973549537837236
24.941700863548466
28.368236109658493
20.95747485581862
24.4647174349101
23.404608194054475
26.873878331744088
28.12697508301787
26.388631715473306
24.30802001688119
22.88455952607843
26.163401692842655
24.70201177800227
21.84181761754575
24.37198618835994
25.868385047263857
23.145538351393014
26.876331881719995
23.427937973793064
28.143538297624126
25.7763995355834
22.707136848222422
20.664211168278452
25.201858629538155
26.405322605700857
20.43191890345726
23.59723214581527
27.014946616231292
27.770372120950423
22.237101864522675
21.833476672593168
22.71944194483647
21.840234962191982
22.037164256999166
25.547141340249794
19.814946224231328
27.10519578890898
29.218465891326062
25.671106541627484
25.53538418330261
25.691573048773023
26.185894072624947
24.68838933254779
21.422948722093103
26.50688991825479
22.42105988265683
23.645164842736907
21.58078508522071
22.882607827675844
24.231902043158556
22.287984368330065
23.484184614460588
27.737215867277932
26.22435693576314
26.575015255219565
22.09806988736064
21.79203775204136
34.05805182908631
26.36265407415964
24.269222390317285
26.302602142519515
18.93545359239696
25.272631344231716
23.227206108172368
26.55047336026399
21.61400961266204
25.31576798805008
27.221923507240117
24.549173706181573
24.85738612188361
21.170095689838792
22.53627198711808
23.30604974100787
28.22882624916365
25.998848086721267
22.683714378532116
27.164327710378288
28.02496122229077
23.561813851210076
27.82005182085782
24.401514607096765
26.83175833360208
23.121630033439686
21.72215088147955
26.16485906584389
29.00658501250489
25.116016706894428
19.963923669391747
28.657587796110796
24.469624613921834
25.585973133381703
29.252729510751344
29.180015150678834
25.33885659271487
23.529006939148886
21.82887266454852
28.564698693359073
20.797389185962217
31.023352970699992
26.49766926388429
24.461432152698297
24.097872303812096
28.308648108378986
25.442598917017044
26.837745176941674
23.88387353530464
25.082218072752223
25.570241555704214
25.418434264214987
26.391910476622137
22.337235444519777
25.282998205608322
29.554211711952977
25.520408918504423
22.773159637432517
25.955505338850795
24.97452326241197
26.355387322680826
25.657112402445442
21.611146994014288
28.09240829848821
25.42916516383043
21.617190745078418
28.706300961254822
23.362348698030715
26.432847495088847
28.859551020432125
25.5394366834077
25.891028577571173
25.095441107099226
25.657102375278246
22.406182575435544
24.670615563477558
25.36143298310155
23.10020050051609
27.592923532225182
22.796394547858224
25.739833417540037
25.67546684625158
24.609530322907023
28.215280317743208
25.123611819005323
26.216860536542207
22.40724300557634
25.36546818375415
25.07097110398551
26.564250122104088
24.58761799906196
27.540880378925433
21.616458829983493
27.2429198962117
26.39942345502797
25.818562494714065
22.392880473629653
23.834833790420532
25.376868503461722
25.351246439487635
24.132503382277015
23.895067614865713
27.254175465216232
29.317428856576928
27.722342178783695
25.694290924664767
20.770151836714323
25.94015174774823
27.220990177487263
23.095550667472683
26.275707471265
23.4681847006353
26.189193999946493
20.320034988168928
27.358988883624722
21.735770700007922
26.122291471663594
23.69443873258912
24.230550988315812
24.76194243132863
23.708779836394328
22.496164383657852
25.08010046764351
26.597045536143206
25.864341020690908
24.218336032960316
26.884223150903555
26.588366519831
28.758907073704734
22.023230677433517
25.50127697087868
21.56659219984891
23.444246302630216
25.61759678435957
26.379414975077815
26.501914041442678
21.248906448065267
25.68340530969204
28.040536806052
26.69659875614663
29.369059657648343
24.367935075373
27.374608238240207
22.111683719361242
22.87198742825656
28.480307049863928
27.499327784771502
28.739971620837807
24.523313518050493
32.2712940260878
31.536938190671936
21.915402647981217
24.745536646500316
24.54520935510879
22.240046899630865
23.810294218228574
18.599857832949148
25.187729773573675
23.38663443252352
22.15696672804556
27.486457566613627
25.59934757995166
30.96159520680214
28.085763287154027
22.055551153910084
26.217178595483706
24.44358802864976
28.63594078527064
28.0156581362466
23.94310248505931
22.025067950817043
18.312364615152685
26.17823933179183
25.636446030687004
27.1811038369642
22.515343309793497
23.741527273970107
24.25380791025191
25.53307090403069
23.336510428344237
24.130008683688477
22.09959514846478
24.908202060049888
28.91534487201317
23.302341562204784
25.258892730924412
22.568151950988234
25.279672538626805
22.292475218197996
25.42404795478542
22.965883247383655
22.67136417410035
27.45000492828772
28.154556511516677
23.191040739083146
26.865649915333343
26.36323468553021
25.6572898583182
27.85355851997251
28.236528305833314
23.899438091104336
24.042974508229292
22.187946307855242
29.644004677031692
28.608298486516617
24.651435059660635
23.30004059103761
25.200450722217948
26.05493973099837
26.892784005135212
22.924954077025394
25.409001295841335
22.702271969402517
24.393136044011758
25.88350767143672
28.33411845389775
25.862193277761882
22.610530370786893
28.769954941898416
22.203713245987064
23.634137283643845
27.32953219597036
23.27137441081562
23.148894909628076
25.29222533347814
27.6486665212826
22.631247657273075
22.13807919384621
25.16271802770066
24.660009914771205
21.48319687602262
24.752861626620202
24.345984860062718
24.900264187536553
26.33969321903495
24.314328180998082
27.34274561510829
22.37048617846275
24.848709499227386
26.02048090833594
23.039976076057737
28.207993482485016
25.755219345655963
26.252837662179015
25.40180914532748
25.76633730903168
24.249452884733017
24.03634047728261
25.45026447214006
22.87379712943018
22.679171034684412
23.297288504242744
25.457155772761297
23.07310819208686
25.834248094904563
24.220139719222196
25.177062314680775
23.397897048203465
21.022902140849048
21.325042316521294
25.410206525832052
25.07454468740096
22.673796885705237
23.914273444872563
24.358777015431237
31.841914090927176
25.03671335189786
24.420273394300075
26.344064268558938
21.667634738610204
23.498169177655356
29.23748916081675
24.578542338585002
26.98163612492861
29.82791060508409
25.72649914186874
22.060761199800517
26.888218566402966
21.731125909077104
27.14158775214141
25.772598703007645
21.46532921174303
20.740319387205666
28.794761462989918
24.781982068791347
26.36673103289377
25.346296223644146
26.39288907665083
27.05119236427507
25.15659776052757
28.309330630583712
24.911743620060108
22.83498726646802
21.80142705412486
25.959988598958333
22.844332217729363
26.798543128133915
24.94736336175221
29.255339578330563
21.8834845823883
28.82077994308067
27.181877504244458
28.17282614664795
26.25132180265058
28.62825724056038
29.169411131080825
28.406258975001926
26.56229997920463
24.173373523100228
22.21156935900129
23.416369539898856
29.748042997650245
25.967883119285972
23.85530281435894
25.22201660768326
24.929838175609166
25.717204486861725
26.95596802217373
23.923585780005325
26.451283573661478
26.039693724464083
25.911010466803415
21.345227621696978
25.914676127057813
18.109273290864145
23.964757043274513
20.74248014195081
24.683447011051534
24.593492204651323
25.17674077531889
24.052299748652526
24.968369341886447
26.98571096668042
28.72006766727348
26.734319992616268
27.61533614785111
29.421023121283266
27.438055371786604
28.761924513584983
24.271225511250208
20.593201675156827
21.693323612758203
26.522337798755025
26.816459586798597
27.74293711210044
27.62395717198711
26.795433381057666
22.358118210196476
21.267986294321584
27.174840089100343
27.702243560619912
26.87017513133037
21.22217122834746
24.435460278794487
27.171089101765197
24.498585584297512
26.06255009627146
24.841430190008566
26.426138595097942
22.225365582527324
20.808527344993696
26.818050525473986
22.286659696770684
30.51195706635317
25.046414712080818
27.158961767981413
25.606129886525267
20.707669441824887
23.54492134988452
25.68806876565199
21.278677587052325
24.97125909369839
27.626700717858412
28.161136994695667
24.852514509738224
27.412201136852055
23.451063376276995
28.468564990497278
25.466087205305616
27.549343335282725
25.399812539041896
22.91923103934784
20.421881093769194
27.85105839132263
26.4076742817928
27.042060872001148
26.75450943932439
25.18407981200903
22.95322897429747
27.456363711622483
26.382602073212666
30.518622252336375
22.653801527486223
24.98329949364434
25.639935177962055
29.50724877778308
26.496853814230768
23.70571494858089
