25.159206232566902
27.216470515489387
23.66149349001869
27.961927456345013
27.457515192997263
25.792881841123098
20.001798660797395
24.944935944024298
22.74796108095508
22.7064080575524
28.046260534241544
28.62678263088677
23.90035854316698
24.807537623436303
25.890864501887535
26.950513262394477
21.992360447524206
23.416997031213416
22.969390987692876
26.9773517469369
26.413359003599133
22.281414800768825
24.611230094563002
23.914257974272644
26.683305213068767
23.79286793723447
26.210360257417577
22.423777067018765
24.848745795867575
22.264039079190677
22.506719593389125
25.070899394775047
25.84895640975887
26.431946374024847
24.526488964112055
26.7373553157923
24.221197951753204
19.327633946198723
24.277715609415626
23.24145060687501
22.598790224078062
27.75775161891427
26.970473100295187
25.002879956701697
28.438552215481074
24.88297756287304
23.900318975422223
25.891766214590675
24.354795169901987
24.224445834690883
24.28543178235769
22.07035652276872
25.058238192220625
25.163813440286766
23.482089803576812
29.139257944306447
24.42242597431051
24.869471214566186
30.698339125984038
27.840212288643453
27.887605850289184
22.332646294759755
21.642952816947084
27.909794630302535
26.96521606256156
28.148557501654178
26.84401090144584
25.887560208374712
24.487967785885584
24.30197303977472
25.734169797905263
26.724973550821936
24.382047930620175
24.235695168618278
27.3785862020875
28.336268584688327
20.541944574996442
21.1747460828146
22.35729293064112
25.67091681535345
21.28611922452871
22.637628410733413
26.504938044217873
24.370031063001374
25.866594360903413
24.45529164297034
25.381698347484637
24.210177358176708
28.36947453179789
24.489561351763445
27.118915997886226
26.267897837979387
22.747231599522976
29.505499355687807
25.353382989144702
25.752164448167477
25.68222078193888
24.443742627642028
29.23318624247441
22.141477100140282
27.286399706192572
25.67680139105251
23.557234107195544
21.414199906441088
24.153253594694636
23.470503706656217
24.654988913056595
23.08524501747874
24.30377543866931
23.88730806139718
22.5359229424169
22.522633070053544
22.581807674126665
23.72504951510444
21.257365622176195
21.456985769698658
24.329812622717338
26.844441986283442
23.75342856013651
20.34620610798584
28.30182290539531
27.490148322807627
20.697818196830816
26.357529369471333
21.001076135408788
25.562975645301716
28.31354822760166
30.13181722024837
31.204615332150507
24.777475523441527
23.939880120873234
25.137418651019058
25.663176997258365
23.9924562592018
21.941300135263404
19.59185575735674
26.017514486490853
19.010995797837026
25.530781996112015
30.725934077587794
25.606624653589698
24.26657657490833
23.308669744592
21.232763901219432
24.76076259158472
23.465589160290094
20.3965878974989
26.619379033828924
22.887839063395532
24.883974305271778
26.110290759696717
25.62084339637266
22.930221399622482
23.4737244042737
20.784992991993434
25.360369298769857
27.41588276082374
23.548277404440288
28.323959881369127
26.859133061365842
25.177743605641318
22.45530308888507
27.90982315169714
29.247767672863876
21.84490993031829
24.671016988913138
22.119189831359257
22.592671143668223
24.300608904272213
21.10446785706809
26.532179732800685
24.14714458820663
25.294796003307617
19.348349404275
27.453236490179247
23.860907494067156
17.75465296780297
25.807252644182913
20.539740762978944
24.652550327218915
22.116623373017262
23.02180625700452
23.39773922329934
27.82991475717437
28.22594371090959
23.92366628034576
28.63046465950325
24.016546133008493
29.83667431227829
27.209558624629842
21.583477886565678
23.68686525679728
21.90905291367196
23.298992581533955
25.818122594558616
24.69369659565373
21.309039963054946
22.860394948765585
23.129840286328022
25.562445292180016
30.03574226378809
22.87855549892864
25.957064287226483
27.1108182637653
28.165779963524567
26.794969536150465
27.731953107777755
23.94892602218361
22.962695206854747
22.527767468646164
26.405568633702522
24.078891009416775
24.50335541343648
20.514935306430633
25.726025863059625
24.615661345118326
26.510899374136542
22.485634728648037
23.62404736796043
24.63578749242792
27.199837015947185
24.356517237082503
25.946624300877833
27.78545960486543
20.902660688544525
26.835988354457708
24.65261630492395
24.748654361871978
23.601401382715387
24.32620510913233
23.007717811830158
22.42609202277627
24.753481220213423
24.311727812769586
24.86379367290241
25.069719585580792
19.5271873974061
20.458863953829294
23.92697602644933
24.27244016973689
26.66162458008039
24.29757337087332
26.36685167487721
23.298249060197364
22.12622253854665
26.106692035732213
27.15385704957142
29.426090712961642
23.826573944926327
25.68199668989295
26.094373318868914
26.36753958963981
21.70121161199188
23.721956963214918
28.11326164772147
23.915071836786595
20.210336799923347
28.590231226013973
26.285982038318153
24.604760372863165
25.545414270497037
22.60846502444257
24.6036857652636
24.866791743401087
25.10136575429938
22.077470692690206
26.37291975711985
25.717301989440706
25.031256605687588
24.319171422480974
23.71749403335544
25.844748441610676
25.494566899546395
22.284293288206324
25.071135898869805
19.012487721534626
18.64022851362203
20.824437354134407
24.960053863934778
23.790203290773157
26.817894234442548
24.64603241941943
27.544002313790592
20.598303118846662
23.25162896842929
27.752051640592022
26.594958141093507
26.462362912097948
25.399815801124685
19.509479324058713
23.804329286681035
27.328298503785938
25.732451342821726
27.173025544969956
26.06206302910392
20.67078148137267
28.6252458472561
19.63595088298851
22.83241010139272
25.866552571187228
18.5638861622833
22.12121443643021
26.224083792342565
24.48755085025294
24.973991770246588
25.142803142277923
22.550175820727528
26.87987621829826
30.179784042396285
23.1623946742573
30.37511013642428
28.166340144094036
23.974048610864013
26.43714580494683
23.92708227478009
23.789215045568397
21.993592264089592
24.442272219477456
24.36694553314023
22.89462018280583
25.50940158629909
31.17471110729017
23.966239454763933
24.33581671672873
23.91658644378027
24.80368537017679
22.89838112095924
21.11369317711613
28.09310274321031
24.368550304605797
23.07328828771975
23.73509273670017
27.835071671330084
25.16792191845601
24.294768963923246
27.646518269804
26.243265907537573
21.088499463830274
25.86968702571125
23.52855563576373
21.50383149330602
22.28999086919925
26.66744008731697
25.34856199807272
26.551713932950765
22.22828343609891
29.096264392537506
24.97623585024929
25.119993224160595
21.99710006197262
23.12992992309814
23.03075842015187
23.917127275665173
29.07344977494249
25.551773075381586
17.9799993332932
23.744062249212078
25.40356525818017
24.13049351668525
29.165132428597
22.760651531753947
21.913297757177368
28.744587693996824
24.877735197573593
23.4114631988838
23.927352031917305
27.22804394309307
23.189613294763458
28.347524650612083
25.884990103920504
26.98787222470126
25.678153389571037
25.28001001913643
24.458128675422373
25.67728526420358
23.57152906044253
21.236259049178344
25.76120794531863
28.089364422969883
28.618232712134596
21.4744076682102
22.886058952992624
22.796129391865566
23.894752006108213
26.237134232179603
25.281267559575298
27.285672905300583
23.279172699015614
25.40474032565214
18.316847142271783
24.13071056300516
24.255399867763245
24.093335563647376
23.428556576533513
24.56074901647606
25.308744601574762
23.5309107474732
23.980518658860806
25.67130603083242
22.38985102067964
24.25112125570067
23.03413010621589
27.11685198624086
21.17916394271879
23.923540932882652
25.986017810932434
23.984690042184994
26.987039512487673
27.166381522782768
24.338704111500654
27.438148987052735
24.104049184862433
24.75910987634449
26.166334840422547
28.509910541165358
26.82885901851965
27.780702722804172
24.215409817378575
20.532279496837432
28.029225709331037
28.092611494559186
27.456812683314737
24.755943838723052
27.239846172108045
25.12632306767193
27.193019084701366
25.34218929805096
29.96355197247339
27.06393185910725
24.99531645068705
28.20212152432224
24.59462840662032
29.928728312360725
23.18099718990345
21.824880943860364
22.76096523108523
28.12038283251053
24.505147467566232
23.01952864489257
27.487346328734244
28.478199034367815
29.541656903111033
24.432313068224584
22.957754704053517
25.542511573463337
19.276280756428235
25.37485999785187
29.015425507380613
25.144954037424995
22.557256348903287
21.715433147073636
28.72062133646211
23.73637962845523
25.209765744077703
23.99087607827941
24.935282202061465
26.299427833071782
23.57888618249486
23.889178683182685
18.232151606201754
28.176640220040923
23.923390964657663
25.95520181003117
26.014751355207817
24.712594965269044
22.872601912528907
20.603585249750076
27.11111659473776
23.84376199321896
24.40989707603756
27.221981874432288
27.40916734831879
23.823310352195765
22.080714634370285
26.8861489300058
25.261193939024114
29.17518264903246
27.044779293511127
21.22467219271936
26.101655920177183
26.978183967946585
25.716774844776914
24.564392178503564
29.109177071490254
25.707383846850036
21.967724113242493
24.18685189434404
28.409607073753833
25.163525657597518
25.18554668684475
26.049587556210934
25.20547636858888
26.79983841813068
25.537441279159722
27.115749891767784
27.92793694789213
28.395041644967048
23.4783782911823
27.958980127151694
24.070332415472638
25.579232576155775
26.05032396400685
22.842239796905695
24.090643708224228
28.212282891757926
25.888544885517984
29.63774553585078
25.377855019107404
23.203767284080556
23.512867013222817
27.739297293411983
26.59351332493466
22.969576121277804
25.6660467866336
27.211459956956695
27.33054375425249
23.703591361142784
21.68630057766709
24.658824785154806
24.678369777980066
22.233569517768455
21.13902481462675
21.904034952412115
25.24645984434226
24.643089437769095
22.660789385237006
26.33635784300298
25.439209550201973
24.715371727595013
25.962366268555883
30.145133109646792
24.454587156381347
20.294669922980585
29.63356392102868
26.639454717903565
23.2983250245911
25.50721935439591
25.881811398614264
25.566858143751617
26.34460710143768
27.09529889577933
26.72969712704074
25.394208349723588
27.490566135820977
26.742097031132563
26.468106014387153
27.439927635394852
21.155864011325868
25.133533541221976
23.671190808788495
24.677970435082013
25.75028243351915
27.528437959748313
25.48863069585383
26.262216425291
24.642071040898582
22.788616391779765
24.00890593185989
21.851257105158805
27.2481800848432
23.66121187083369
26.289172361972376
21.510704946604324
24.467392661106025
23.863006400452004
25.54925871568093
22.98908941070856
24.230278520637444
26.784036800860527
24.838570068361996
29.67410104445868
27.583622004247896
27.27908931554475
22.412137436478034
22.42633453104582
23.922964276699904
26.333320127360956
22.12763958965401
25.324112693760302
27.038254735563385
27.00273074197039
22.7807361825788
21.983513500343207
24.458952548888767
22.98676603944263
24.181200580074215
24.209127216532938
23.434627328955205
26.39447241553793
27.172961709638688
26.14859766294261
24.774731672231177
24.751884989942436
21.812770583828428
24.70943525997488
24.45549215812984
26.07845835397637
22.94195897126374
25.13331602983036
25.04298299571994
23.091022740161442
27.67377063751585
24.333230062156318
24.33436084155329
25.28189150933516
26.754468245732483
21.712083216600877
19.734864081210457
28.48846125109729
27.997998650110464
23.236663252416115
27.148380248641363
24.81848695199803
27.027117085903523
20.221888754620267
27.60318939269343
29.73057279203468
23.232345703079837
26.61492092452436
21.932318892155227
24.76978489200771
22.05925770839721
29.606693184290982
24.47339908411557
25.36205264577544
15.64979026406576
23.28202192830647
21.213358609180673
27.99726926721936
24.729157678811198
23.025725022120778
26.205294268632343
23.224415675777664
21.788832274033762
24.00744753314853
28.200067986270938
26.37118571497443
25.60574866514589
23.868994717156877
25.719716109366225
24.19464093278285
21.5109119805748
26.444370309409585
30.06470287772369
25.68792513454091
26.64814827768385
19.68800103532061
25.820013355494538
24.03608751056434
19.680523293017433
20.96285059486185
25.36732698766276
28.03077150885619
26.717814220312224
23.584304803920396
18.898354440806532
22.855674727789054
22.634014471036483
25.5820257495825
23.8711534751152
24.4955739349024
28.30397626366192
23.420641416298654
24.366190033974156
27.479057360466232
23.652263906734547
25.904016320977117
22.843715125804724
26.792053470151345
23.846934673559172
26.438921367440077
26.06887507582778
24.847172142820988
23.379552804296978
24.473009423588255
23.354155382172287
20.794875436031138
22.835501079367234
26.744985267443756
25.915622730715317
25.819100747449884
22.717813319362605
25.74213432078054
23.555706527938728
25.286174271140972
24.83282120256558
24.24776288159597
21.532397284621393
23.184031404550126
28.513416305386762
24.543856692407697
30.2344937636498
26.202449654866246
28.74078178820604
24.013120163533472
27.325865984244235
23.12608031247742
28.400836845687557
23.40755554107104
28.188331207840253
26.660736909483024
26.578495121862552
30.83479208633816
18.17946601992441
22.692200323353752
22.598567613068305
23.195123021210343
26.63608685116163
23.397668238788317
26.433361109908272
25.574624001786027
26.822245706949033
24.352293457463638
25.81445446797549
28.265776702996472
26.327508618812594
28.396647146699724
28.307110443776494
23.972396104420678
25.107275315168906
19.935014310223032
26.090562311447506
32.39319066921752
23.671247659328735
27.760353944546825
25.66962372742818
25.82188263069696
25.96466155371218
26.890005493897323
23.08820649118853
25.898395290047397
21.954884855262257
26.812432174268643
23.353336673718978
28.497966869686135
24.264558891782166
28.738868425932157
26.51477757919981
26.14416939027248
21.64056458911105
26.59355024762076
24.873839962787226
20.699005798650226
28.116376631170866
25.02664217628695
26.201370930816214
24.10840775299641
19.27704478775882
20.83897447239522
22.824510796506544
26.718843531353006
25.126968943724428
25.604840462309216
22.538661418990134
17.906547133959915
23.059099431305388
23.574177994999186
25.779025887069217
26.680148600824015
24.520778740433535
24.99592129448989
20.199066116481404
17.423595420661773
26.52574303496562
20.082892726845486
25.825304581346032
27.30797572515011
20.09700473322938
28.886697766599102
26.20567798405654
23.294150292961426
21.775769267533413
20.79958190549512
25.19161411770214
24.411208789711367
31.153322907887436
20.148249373034677
26.788354534549285
20.109102780425772
25.74952367044245
23.395204289842912
23.877922064656453
26.075053846007528
26.657600848982764
24.569003210265155
23.413565443119044
24.200822001976242
19.501594865837447
20.586513968114996
25.13951795489858
23.301787597831904
26.658377872899283
26.364031891389498
22.386996184623623
27.752300260794367
27.027420874299636
28.960842224850953
30.687683460948584
25.38948197297046
22.128661369703448
27.613361685944994
26.363009003035902
26.77151002146016
25.591694182169796
26.670380667419344
23.198682893842076
22.97673834606563
23.630752553857185
26.84283423018863
21.74385744823709
24.676793936238305
30.719607805936107
24.794219201925824
23.359781379371128
25.857500644757355
24.81341344424682
23.876593433680767
24.99798999747835
25.142727665797988
22.7263150664298
28.086503366496217
21.02746668494634
24.489501660831284
23.000918383736515
26.6728268990172
22.596900174019968
26.974235992856485
24.134958361539255
22.532524630191023
21.528233612950974
20.567410988001125
20.528989519062918
26.113934100228096
22.997599529206408
28.176438315880414
22.743159692352418
27.46245430502549
23.52617954168614
23.906980670481413
25.336353681116982
21.9041669000575
27.613058989446884
24.941891961374292
21.39029234137995
21.75235605313513
26.773340574918304
18.85889027065361
28.045208064737587
24.225689147262706
24.867761831196297
27.39125401493364
23.63316440248416
27.710123047910606
23.764527411776385
23.724276318021147
27.611936251972928
24.311412058569193
30.61245883681339
29.3513491451911
26.100054487929082
27.86058919985714
29.99400684187953
24.630791463761717
25.379204771717617
27.00206177608238
24.72690189309357
24.722135641380834
26.339177972553557
26.72005031258723
25.924286485565823
28.644172254010133
26.06775364843972
21.687078356969987
26.4296852504979
28.128213351086114
23.042358928953277
24.042924296322074
25.377445704998014
26.31395728239914
25.245875103041932
22.371852415468986
22.94259183665961
21.977690922414613
21.76233620267732
26.216590479879788
26.741384111199686
20.68290638488041
24.389373291902665
27.295746987149514
21.330284219508513
26.414981095463524
26.105347577670475
26.669658060287507
24.030772963043162
23.647445414474326
23.471813984094634
30.06522526854215
23.753544201945523
22.27297436993051
22.52191895801981
27.248544113472164
28.420648822602452
25.327448456482156
25.438629667189147
25.309567350673568
27.605315149000432
24.801526981628548
24.969003594943903
28.8694186693289
24.7972845205076
24.930432096944322
24.663127780038618
23.13026262417135
27.341442770190316
27.26697804342341
23.33418882599413
25.676464965620088
29.826970295819503
30.26534850495535
25.532966269982914
22.556970994719
26.305823790492063
25.77777918987538
23.748273159779842
27.111380779846677
23.388018334957824
20.613249988814204
25.26113482399482
25.38832163890263
24.027313486831577
25.468274495145323
27.759209295752605
22.194915824122837
21.324530250621077
26.93677816091894
26.30850485677873
24.165192935688633
28.09563133287126
24.649563727130147
24.621125218872287
24.897786575709738
26.10541804610318
31.78837615814309
22.379861048991316
23.012862294250912
27.83154114154491
33.45710773780683
27.641377276964484
22.264868503527765
22.535065428390908
22.639308597436326
29.24760965892624
22.716502297709
29.152323544404812
22.74857394651099
26.76993803627032
21.187973231771753
25.45128961385038
21.3938075208267
24.821442604120477
27.07638773890271
22.923396591669402
27.125504042319825
25.391798374334016
24.789366503417554
19.815897944649286
22.392457602862265
28.54539299974156
28.375050008832176
28.042262266677838
26.901465523273412
24.516803195601486
25.496407662263827
20.743705705592983
26.2630103332315
23.558260002466778
21.38036312888009
25.28114373438145
25.593988454627915
21.854423728090243
28.75533634877539
26.328550183770847
26.906424846191655
20.321442201747637
28.747548927392653
24.183271721592906
20.507072490405648
23.015780932650664
22.9555415792924
20.789655933669316
24.683269290043633
22.54815388027231
27.475399065221303
24.735691651943636
29.765286926084773
24.57624610379808
28.942937360360983
21.71862458570747
21.46704251523926
20.800608882151597
25.239890469229145
25.06001565082272
24.406899571198394
26.337756505473315
25.9930161081709
25.76995133735976
25.678750318523626
30.76127089848616
26.30089913794781
23.950205747364553
20.859735169459583
28.234634576709066
27.802833411174547
25.1328492287411
26.21492848123114
29.37057933119519
27.655017770575935
27.378386832236643
25.480326400083413
26.104406108680198
26.384535318465076
29.56322566925574
29.45760863847438
24.84515615916284
22.211220342887405
27.55081611451393
22.736402385815232
25.221210957214346
22.951749924520826
24.677331825274322
23.327921135217956
18.535817222560084
24.196517646409777
20.212160559128698
21.948581796037157
24.175984107334873
22.942546816435666
27.34277297844574
29.847196674373244
23.270935989278023
21.332218100040823
21.187444720845978
24.30697236778661
23.367623879626564
24.25192408798783
18.179734456214604
25.35099915684765
24.04474474040751
24.13243511447137
26.062060706488083
22.3450313292273
25.758429692822904
27.670729401996937
23.471247284922978
18.852897566713395
22.371652603533096
26.30658659881167
24.18981900207291
24.339990353566208
29.05199303791484
22.24815259511007
22.251440980055857
26.777706393178942
31.68639509752159
21.490213671670805
24.33729314940558
25.609593144778596
27.41042622119833
27.740431889794532
26.897330333100296
29.02969073062025
24.284393053871312
25.790018706363135
25.521183632376065
21.25618143271905
18.998062814879457
28.61476834459734
27.37222170188463
23.881555169315416
27.241904643891807
21.440504559462894
24.081702904855074
17.656769997048613
26.078011061018856
27.6067471501094
24.743132572912366
24.629692315149125
23.271712652167285
23.15987770140469
19.01577100379172
29.460386810571656
30.152693746021637
22.14909189562366
25.311185576330306
27.930667488985623
23.633757700245283
28.388674507808776
25.581645425624036
23.704645101530314
27.462086965927842
26.831011710926116
25.326595379452993
26.76228094789979
25.3991697408668
27.13028103080823
28.116285108580637
27.566470510618498
27.140283325297453
24.786199752686688
27.305057307492692
23.945171194203876
28.112165883411727
23.68186473629832
25.25309696239336
24.670810947483925
24.87414884954708
20.62656665573354
23.61923928415707
27.50310148537877
28.306768358804895
26.012881362660323
23.553982574785874
28.339655007698187
27.73471873926694
22.21988735954399
25.752991266963267
21.467203345363366
24.990738969635167
22.371829951452852
25.488229964121363
21.873726622021405
20.64466404848373
27.929959824619566
24.08621524860571
23.562429091635277
25.388703857829896
21.847803513712794
29.900265620552407
27.646500942670645
19.183311055967174
29.619403989014145
28.67494158542048
26.45571670519363
32.604631926102
25.236430680187045
21.856050790527426
24.092120188123403
29.067859648654245
24.24478898626711
25.135401170334486
26.197893263435425
24.871202606576965
29.73173439924343
28.155770360782952
26.306758069861537
23.005700708186733
24.632535182290674
21.84052488631886
21.752281442294635
19.87536324110858
23.074136532875382
28.93105810036234
30.752683978092044
25.961566659626627
24.999732169495577
21.583200864511333
25.574463764046648
26.245114896504386
22.909994486076275
21.40153620961239
23.21108749636255
28.87867010598643
24.805726426064208
25.477265778724625
23.955319402897704
22.818784547200895
25.167676139529565
25.159795417455488
21.222199059591652
23.39268516723
26.293445501295427
25.34507909370468
28.59332483285665
30.00320468654347
25.701600089106094
21.381211629533322
24.647049975505354
26.26495761802597
23.255948158774284
25.31756242138503
21.049194742283355
26.991508703972883
22.445185275881897
28.86794603165853
24.970839825480315
24.50568311465708
21.587267263706934
29.40212628842221
25.084166594076265
28.579930453902204
24.53581187534398
27.148798306139863
28.910578770371256
23.4834344558427
20.735394093911317
23.361817048099457
27.555501027131303
20.357616157874716
26.29956681137967
25.186759160275162
26.045188752089174
24.021923335361983
19.727495230829284
29.52927834821976
23.34307256183505
24.266916754310806
26.031667667916615
25.54804602998926
29.973083717626427
26.484383200003503
25.16983802550372
25.829013182408367
25.02209565913487
25.035338854835906
27.251316555921917
26.95010400691678
25.28033666412074
25.52868360703343
27.85323660404847
28.29009692826842
26.140468590383794
26.250647091727533
26.803740154797023
27.841252509846903
22.881374182482933
28.436899903781505
23.21093509427269
23.017747525402754
20.475708732025904
21.77820743747969
28.897532854722954
25.880867231086267
27.054409935594744
27.926679437049255
24.890636131113038
28.443200140507617
27.366171190315566
24.591333406703395
23.38520896148933
25.126891547241748
26.143104419784667
24.914537123016167
25.166078417462018
25.894566854031982
22.387935003723275
26.716501654327956
24.144720629762865
22.577611511048147
26.277496938532963
24.298966454672254
24.986463090667126
23.62804677026618
27.861250587460766
26.631991500215925
26.900229481169436
25.567858906966887
23.54019613692714
29.73207314020378
21.176199273444393
23.721360765588862
23.69255295972818
21.52650307411722
26.425429379563656
24.351336217751268
24.60069791853681
27.199105028475437
27.864748103871904
24.139562488691258
22.87791619054384
25.678588015903415
25.7202352719278
22.365568172146208
22.876911554208082
25.337627379568268
26.120288502243856
28.464248061224346
21.744818363667346
23.111695647483735
25.034036711750655
27.356610486357265
28.614757789052504
24.663661246863533
23.331274159966647
22.187622599210574
26.911830628582912
28.720634678602813
24.17467167106155
19.433809317863584
25.410029444131883
29.090257352591696
21.835404833705425
24.191091516069918
25.2425689559096
23.3440482868211
28.383104518313775
23.14905959841275
28.831511801952086
24.442242093800413
27.840373576140742
22.968892907462717
29.121474066542138
24.17085577793647
26.017167821418955
25.38011337596331
26.705065623072286
24.084001718007258
26.278117955589938
25.575938613448223
25.89677486482109
24.32229556684736
23.34853699999794
27.922866528545185
24.083164704364684
22.409895117588576
23.806710489675467
24.94088266235063
21.37616752644732
18.29637308686983
25.569280361104614
25.631669738643012
25.396741348281573
29.75641197857387
24.826056093839497
25.31183510019615
29.49559067013603
21.06454526321215
22.14420557165637
25.72627701630957
26.809095180090072
24.82751545476872
25.7461284049824
25.179974405774427
25.738578699403668
25.906677228995374
20.228923876515974
25.087728445519495
27.779516340734364
25.9611764292786
25.21076527453394
24.209141654981913
23.064300190466245
24.765770439390884
25.12611314547708
25.5011567110693
25.874557353932342
24.290639727425866
19.750976866442763
24.961772153459105
24.772050106452532
22.461281789087884
28.896027488605725
30.24189458641056
25.171309420715648
23.030140496590985
26.597626946604727
28.537267768322376
27.644197649771982
23.103421705982754
24.809150747954963
24.021534482172804
26.995717851247367
27.53187029104359
24.5603374484185
25.607475423934744
24.891637836397766
24.423882962115908
24.84768885419362
27.013210386741445
25.604814959985468
23.908120212321986
25.14492509493909
27.993833208323707
26.79315332171417
21.855167447293617
24.685044630568516
28.391258278424583
26.833391367329998
29.174100862711263
28.8556043008026
28.434384808429883
22.25084527637327
27.650919861541606
22.537787720675322
24.4405455869178
23.98981274939817
25.75407300412216
27.418395453074943
22.576130285390075
27.11204672203836
26.019990680506666
22.49837081945894
26.715458554198168
28.816968809086898
27.153972347104602
22.633848315328333
28.13133495422439
21.889068669678537
22.35103355367386
21.060317571956936
30.52861429369855
28.527098829779096
19.41438312987986
27.203855312500465
21.169844642485284
29.372004020007136
23.918174358689622
28.626676390668262
24.73763305604554
25.510691486746865
24.218258361781217
22.06858278979096
26.819976879222825
22.857208984961932
23.82136004017295
25.352107961918712
25.530986125678908
25.990087367890585
27.369576910449712
27.22352369766602
26.195478477958158
25.12094346740534
23.632972888377168
22.662060341769518
23.071215983789873
26.94247702045884
26.70274593055662
22.249197692350666
24.973578858186002
22.46209711101569
27.823867146762613
22.335666722626534
29.409327182138497
19.842057593672283
25.50386374700373
24.762880034916225
23.47279174705912
20.612023064084838
29.078289533055163
29.94017970130313
21.267127728181674
22.716754436914197
24.439691600743647
25.41698242096735
23.965295747501663
24.659540049879375
24.2676409161761
25.60441672027623
25.842856999168546
26.073476965222106
25.120004787678404
29.36484570319515
25.453925129628733
29.652052771898088
23.89902947376084
24.025539412442416
24.02848298476471
24.57030407848369
27.916660130199116
28.915362226267387
26.432166997129315
25.908789126157522
20.771865640203835
21.592202927525747
29.32194507026934
28.067706109547228
24.760961299033628
26.107085227869007
23.207399422936568
26.3413139998496
28.351155425836044
24.501162922138015
22.858828780095074
24.584566377876875
26.62030408236021
26.304430646626646
25.231588027420454
27.961932558619072
23.722202108933093
18.572699559620602
25.021911969973523
27.81943157822423
24.92429119610521
27.075930842751717
26.25790931583941
25.243272057692852
23.740046787929913
23.589670395461518
23.466959487113552
22.5284145257123
22.780805196668776
24.420256583735668
22.402470990622387
23.08684478678194
24.94717574792899
23.228007005348093
23.50971545437835
21.827353619197737
25.378864158818832
26.364393296696292
23.38375649563659
23.798381092746276
22.971718400758093
26.713641344597903
25.50368107485359
25.58336647195662
27.54347430606958
26.07962769992396
28.02759267380808
27.656748642239595
20.069694075559237
23.06127054480169
26.462147488620435
28.05884677799367
24.944711775680236
23.773724618576747
25.466658703855842
23.107343357570343
23.291566033898597
25.470658522156224
25.138425729255953
18.445011226187123
20.53927255106348
23.437854154744777
25.63733345988015
23.238940115123064
26.01722410256858
27.73311868574512
24.454774517419835
24.410961227603288
24.89015137957007
26.75810570409938
26.04514396602357
23.992364213501887
25.16230791100128
28.574216405621787
21.47737713386153
24.44364740498444
24.132689241228395
26.43481859400522
22.5555242092049
28.939260709937518
25.898248945560596
24.78634364090024
26.39010182455033
27.005147135119103
28.176386663625586
25.919740006123366
26.3932461971152
27.585941960439694
21.36696820668423
21.632841951107746
26.31754583211968
26.946049660629114
18.41657969970724
28.473101430339707
25.358788699805604
20.663082776792297
23.284927119746126
24.235249106054916
23.290524658756272
26.30081242396775
26.74695105136967
22.936222683413973
23.827621449748772
24.30303240030586
27.527910328465325
24.78341837534897
29.016520166960643
22.33348181875157
29.805447321900566
19.719591631971692
24.42686688313837
23.149946102656855
30.284388140626262
22.624466033444293
29.724608747645327
23.998580907000463
23.550780587118208
25.960791134495423
22.630685641601847
26.096712483676964
27.107611693001154
27.667259885382492
26.835022941061567
23.115857304476286
25.299011913937075
26.134234200980863
22.79020603703326
27.17325703108725
22.027854461564093
24.132870701674705
27.458774494062972
23.627766926132065
23.416745227284775
24.592039165070663
24.139626588049385
27.743121953088636
23.836708495179053
26.82363275421425
23.480012274376183
26.953842085121487
24.762597904428212
24.870491224767363
26.029727342585545
23.261505664654017
23.436165789839922
29.349772389001302
23.809116143771604
25.219521480703385
25.24306801300191
23.108628680756354
21.53153550555483
25.50931642998131
24.29993427084681
27.147950845244196
27.058077315893676
25.756261372325802
29.031759373669864
24.248175152912975
25.158076109133525
27.585409890666565
26.699286558122278
24.312223787907183
24.37211680692592
25.362474080033756
27.35312784563284
22.426859442785513
26.51985493110049
22.30588718974054
19.532752374495324
26.478098540308032
26.68215404690672
24.65187719186353
25.830389437535253
25.634266223056215
20.408450687555064
24.566371684943157
28.23102239957913
23.502063820734612
25.456689594364224
23.220648605907478
24.501540032578706
26.324187304088145
26.82525112052452
28.436035220674036
26.800280319554783
22.773510140214583
27.283248125816474
23.146206100145324
24.419594545604987
22.7473649679659
27.528589905079837
21.760986538265392
24.79361457174674
26.077994140825812
31.01468575335056
22.559435083575927
23.375450989155016
28.164673656091605
25.198758787813706
25.895067291378655
28.86072443592463
23.625774216596877
21.81201058285587
19.95732867175558
25.28076372940517
21.63104983330165
22.13114796994848
27.482817965781766
26.840564887994162
27.287251840259866
28.071310788241387
23.97400762899528
29.821730124100117
22.56347485681436
28.237286627989935
24.437709204168435
23.011537018761572
26.08054827128635
24.835093121345086
25.2872195360497
25.859373570599928
24.566456622932318
25.17599130863664
24.713708515149335
23.29599984494515
23.6836325321458
22.01430064307134
26.8810834307972
28.200020612384353
24.440930780529854
26.862233058226497
24.59766335627067
22.26150275897571
22.81204902383902
23.703652946505866
21.82012210331845
26.052186541658045
25.463989364650534
26.920908473569515
26.067685738829276
23.15134552697141
22.25063102760034
26.474517669147076
30.02621877220778
29.189839669489878
22.50418316085042
25.35662272848914
27.644202763697688
27.20673449684841
26.339437222004822
22.542775734917193
25.18799834116861
27.238156020141034
26.54169457956521
24.344166569855414
23.20965867595836
25.420003826447285
27.110768562366577
25.72889169864454
24.84957594443388
28.87870812421958
24.62415862098849
27.974765412712646
23.478613984422758
25.91826996205937
27.893257822628343
24.401441630161845
26.327508899070487
28.11037381897292
26.051951707844893
27.61386366335485
29.00076432069369
20.533638585600794
24.870907184526583
26.567588924278805
28.12895928596942
24.925021860231638
25.702587954099506
24.065445178271958
22.78396054336406
22.330381863792123
24.742377279194162
25.04121153949727
22.385439588082587
26.284043442559355
24.162850425769726
23.86223457744074
23.228866913190043
20.83464434015511
23.064634173831585
24.395258611591053
26.124337626994294
24.0946901091599
27.3234982489417
24.58933515254648
23.39749497087965
20.99048487697629
26.753693787041854
28.698431744826287
22.784239945653056
24.955622306403598
23.20625532402144
27.048396419482856
22.987003695761942
27.681119546099783
22.532467616344405
26.294630280023718
23.262121047475667
23.050617032353262
23.441202998354452
22.474802493637736
25.33877265535147
21.9477456328261
21.66655097655134
25.583668627127345
21.679101560340012
26.048361952894926
25.423138113355503
26.113357080212534
26.37347484609648
27.14616724238814
24.802048254282994
24.371910902132107
23.343301373644636
28.410317847106576
28.022123419215
22.66140186661989
26.914426086531474
26.418391910197116
27.965427142544414
26.9618618941818
26.76332568289041
25.8642290135599
28.253993273491346
24.486155471638988
21.439141572245873
23.972584292611984
25.43771483199088
26.755083203031333
21.980611797602723
23.42047230255786
23.40308957263992
25.80427104906593
23.564122716420567
27.775073258834208
28.331393534782926
22.40659573129219
20.08369896621115
27.99406066515745
23.361813300876225
26.906691306259326
25.758777360870674
27.510187655426794
25.255431082086883
26.130196776495147
24.9260208540152
25.21391640116528
28.41219419285953
21.533924930139797
21.28612926267473
25.461957342095133
25.617591316644273
21.567861246838056
20.11267321256949
22.054281878878523
23.775703347582983
24.598239039820815
22.066674275390703
23.66687618762235
23.558241685385102
30.062040669504512
24.820095593240353
25.39852185879205
28.80026118782771
23.52694859125743
24.78628207300062
21.670154443032164
23.21544653941102
21.69383363248449
26.21669663519895
23.62211611669432
24.501451069543826
25.170641805082084
21.12435068004185
27.261230955424136
19.2126392147211
23.016721054994573
25.358875544679297
22.21284233936842
29.343396621164672
22.233423260379876
20.25979037750336
26.03745708851359
24.68562268035948
26.12395785952865
26.980172043321435
26.102340601224828
24.51489306329231
27.724054319920075
22.578701167258885
24.832421330016185
28.630105881234964
26.778430961108622
21.192253788232712
25.42418772870674
24.92365943525714
25.847824397094225
25.37057433552883
26.295407460841776
25.10258128086415
26.492862189182468
24.456761327906996
26.828915453029996
23.100990135688537
28.041023242258532
27.73972767412178
19.036083455428248
23.625077739875806
24.131653606927625
28.432274131273097
23.98321263261392
26.95891003244876
22.234163508015005
24.09025389933294
24.17470401185048
23.179624810169074
25.94436370998437
27.13009080636739
26.95617790549243
28.28828136425283
26.400966930951633
23.010708458142332
24.274155173092474
22.502825525996023
20.07404368992632
25.88035127912913
23.181473652214642
22.94664557531244
24.712966676682
29.520706152851787
24.595643681867127
23.95369089447326
25.065302649653585
23.77718092266549
29.001414246420275
23.438153265483454
19.90363155439516
25.804967486583134
25.794452142729572
26.156201725813112
22.521335745620185
27.32872838238824
22.94139502470522
23.760541245684607
23.654651964603904
24.45578070539842
27.700453453339755
23.525490943077276
22.601287214951668
27.688975269046765
22.09830449220364
26.476403242859288
27.717018128347714
24.933227686067838
31.371698263478986
20.879420394457753
27.799143407600184
21.863866250840232
28.007783871582873
25.337951211325596
25.778734747809292
27.38132332218367
24.90731479386961
21.790463241358236
25.75988686137629
30.679320451355142
22.146186599861636
26.765417045826517
24.787134273488597
21.28396232469111
27.954165920878587
23.15191247375303
22.825568889462797
22.48620210940804
26.823011733986426
28.0401055303986
20.84642597110375
23.279716734719297
23.98267609373477
24.84448915341617
20.90192096762017
28.942978812885293
20.641451710256785
24.751374564044898
21.065209872839972
19.744537503145434
24.596249548358518
28.34638515935067
31.58728634015471
25.876133569013284
22.614165998897107
23.34963367302571
25.349166764568665
27.15165230096851
24.214045321209802
27.615986681191316
27.632328046408468
24.42353634730217
24.883228974938593
19.76976893585025
26.02462908381409
25.60909568665082
22.451952397054196
27.10276641513969
29.691727673331485
22.423743250128442
24.016482262032202
22.2676360951748
23.933157422487447
25.185177520153218
27.572995924991517
21.00776775561653
24.346427066541448
26.41821427117621
28.839128081456003
28.378596890543246
24.335723404781334
27.828943830166203
32.42370607677081
