25.674151092847794
26.961345844670852
23.414792777549582
22.97512839610429
26.471754375708546
22.9119809163813
25.89028852653388
28.09944440248009
25.081472661216832
24.383051847208947
26.124551849077317
29.530505975360906
26.866503614722703
26.805954193320616
25.94610250044562
25.992044964453267
23.997491411551003
20.419642208704
27.21042411572109
26.002620242251506
26.994408085349196
26.122335292626882
21.759532755661922
24.631559116892266
23.260229698263633
22.587837000353826
23.302022999057986
24.761506739642805
26.167952826764537
25.344929234903653
17.056350023131774
27.54740280234917
22.869738817572618
23.581747033950748
23.744995003387775
24.381011193886252
26.133499032651642
28.775054799924682
23.653065521332252
23.592615389376068
24.42859188081145
25.852231609594806
28.698052697221126
24.13098832840249
28.980680040414015
27.983094602601394
24.91900422673253
26.366220377453153
30.15838771500612
26.91069168833804
26.758299581128565
26.219337687511107
22.366366058172755
26.00133797391609
22.346284752107778
27.395232737600615
25.628342702089615
24.968832072777282
23.11762531590268
24.50735986217027
23.719303482215707
25.645004442376848
26.97809772231547
25.640254861921818
22.925506455723205
23.667598379605394
21.143650093813964
22.546850532513645
25.550245642509463
26.13582920412468
23.881350062859866
24.422674875243843
24.79952776858706
23.8832865314518
24.302481495683786
23.796666330017445
25.13242771245685
26.766007481770544
28.488066231146018
25.012058732399947
27.961956248596945
20.549647498585724
25.039208957779625
25.415603340260105
18.096632580210855
28.89481873235013
23.576700086629227
29.215479217616526
24.923587724561735
19.9579093700418
24.579160273343962
22.66701263476613
25.766720540836143
25.515889344202606
27.07680238000034
24.76974760439104
22.954402910530387
25.94479742345193
22.513535638784177
22.36554251147055
26.651466909124874
26.67969787929264
26.07411365385156
24.530410167980982
24.817053958032773
27.76561957710966
24.740137917153646
24.077902629633765
24.333521684755986
25.805317985971122
24.70004913417657
24.769932506435463
22.13000483627259
29.427000425906506
25.304114397436514
23.758676435904587
24.208561565667484
22.614423835790955
21.095668800993078
17.65913473066558
22.249582756129726
24.26736249640917
24.576453461543327
22.000868553840686
23.95448440482471
26.048006607921334
27.355914906388264
21.904249152776433
27.001416384184967
24.070207030102637
26.052732637196634
28.61307134703759
24.408025820691762
22.40751955712751
24.546176892250934
19.750546987296577
24.987330075000955
25.909651456319864
27.164668409938812
28.931048501404195
27.24942054340584
22.25981581630933
21.3826877320065
24.17118112294534
18.543820139166712
29.396861987312608
22.540186435181642
22.313746105071257
25.854786681109292
29.09710390983088
20.921763659636923
23.068728696678882
28.64519861367109
19.252116968096495
20.302815662398206
20.287447528866657
24.097046195582152
22.272681831050733
25.45583773875874
22.216419392699688
22.19612081140111
19.915035441735583
30.851295358710203
26.09407372928722
27.196963964623265
22.359692984229792
29.989620738370704
28.42432508487655
25.575561274615456
24.78552153752672
21.73407074410851
23.816129259367628
26.174875900919773
27.206517433399835
24.062628016637778
24.524693989554255
26.962795620864718
23.263765617209774
28.963323650829903
27.427261346066047
26.0774367690305
23.546193841460116
25.223475665863155
26.849218183704558
26.69722965729846
25.784462918840774
24.626020742848976
29.095592941529944
23.80205817536541
26.543670436875004
26.45765094751651
25.616521110562974
27.77403887390745
22.164681489341188
28.328055717898245
28.24605993634649
25.660163736914384
24.627701653534434
21.842084381493034
27.74506342178301
25.72595222499835
22.531421943398872
28.79433761979491
23.946747239831836
26.86414640551698
25.853875752752053
24.69550643660575
22.30622580148764
24.496881801794377
22.049758416682945
23.448332095869503
25.221838099238074
22.805192787854054
30.006567076600838
26.141882768993092
23.236277863389528
24.96437862327738
29.16451257656203
26.852321558485787
24.04013218153964
26.38351420336059
26.551467077181517
21.993806473601644
21.027172964026356
21.867238120560014
24.102695294666326
24.21808584126826
29.80061711566684
26.350743492693113
23.295932891501987
27.09813807630182
26.23557326738314
20.69527808559175
24.117165197190793
24.23973422605869
24.02879685303259
21.997984427551756
26.399701841879875
24.403568658659026
24.936568711821167
29.47053786182583
25.673637132308315
28.177759522527243
24.874787979803965
26.64302095150164
22.555233266743592
27.171419920149848
24.831612335517754
26.25845424857095
25.52503333640229
25.868165982604477
26.73676041639861
24.62469154268645
23.997942361879833
26.138666401337034
26.79447139606078
23.768529022346968
23.257059906610984
23.186474161127386
26.34126874069119
25.453480468125623
26.180619221391243
24.026981060412776
28.229293740882238
25.784290086855805
24.098752674615774
23.697031471788954
27.379880288240795
27.988481335482025
28.24835661821453
18.613586252036885
20.790909518895226
27.06347942809669
22.481522569146403
28.507455723681836
24.318919553555446
29.322510901235166
28.169580198277806
26.33688557256435
25.707203653536748
27.387554868892686
20.894396375873757
27.720317450031775
21.861104369555402
22.998353600293758
24.87822338015315
26.694951922704387
24.06966810185091
23.897650609372356
28.468378674383377
22.232822277352824
22.47077972276762
21.238863406838377
23.372684199481238
27.47963381276431
26.717970223683587
26.049142316405245
23.26765032739494
29.419451522088544
22.464989995559897
23.185254786450603
25.43508460506547
24.99277252622621
27.13240102797119
24.25844503571548
26.31014685807348
26.289254304413546
28.81089242350221
25.116917192853105
25.487828207352965
28.39715944547749
22.178501354258962
22.47152506288372
24.28418485299181
24.120116464753423
28.91663312127266
24.193914855459028
23.060168088136756
22.68220640545706
25.6632933448555
26.523505771623764
27.16721313839581
19.966855141307793
27.72238402753295
26.701993512252095
24.14363929361341
26.286658260440117
26.319999243998744
27.818946228687782
23.592475922966322
22.667185791341396
24.765841121569487
25.41194267596072
28.04608729482699
26.139992553521534
25.347380042165454
24.85300526765956
24.203757361628508
26.685363702137867
25.420820656288093
24.402621629833373
22.286286387180173
22.552371729037834
25.560838535812408
20.212662377306312
26.280488873105817
24.471924692814305
27.5382240621466
26.653482840680923
28.191387899548282
23.834956662459902
24.072308017685792
26.086225964599947
26.955918495635366
20.527411936808946
29.413114133943413
28.079386446834956
24.345831158247286
25.120466697925398
27.26247794800436
22.13425147371654
25.613284431361567
24.24333065942314
27.635312888585478
25.019773866955028
22.588481455832696
25.549054563720993
26.723655692953354
26.87510852336342
23.531704027038135
26.04930135225633
26.267157331372992
21.90396026483614
19.585520392680454
27.970094407554445
21.992758336727267
24.236333156103083
27.90783921334074
24.460428533878556
26.35782248657081
25.787181527248325
27.227448806149837
24.889001222784227
22.756967846523526
26.03949728420284
24.826609160623835
25.255846269122966
24.702827708032267
27.30071198212797
21.582239960174242
25.930065319157592
29.232361995491576
20.869935508165074
27.82395849205219
24.208816204124318
25.430079422948445
20.330880504015248
28.758626677171904
21.781859317834623
27.413381956236776
25.81521068639051
27.972785242630636
27.91846236352173
21.0325132430777
30.06126314977791
24.868529527013717
23.548545197407687
26.871985537363514
25.053749265418226
23.758830351878366
20.709640775417846
26.289122546714196
20.837163590766764
24.37387107603316
24.32739846357584
28.004059485268822
20.292677010854884
23.160962715753133
23.71451028888915
20.011978937628548
26.953886826196403
27.101023399336142
21.849666875085525
24.94763736649201
26.54329757376119
22.093425448104888
26.82064914557465
25.273177550559133
25.896751141194155
26.23243493064515
22.073783967812144
23.7295641595586
19.43835275902459
25.600875689636542
21.61426889215249
21.005965740697967
25.69928597319125
20.83336617453054
27.919285778240706
32.797672656709835
22.60173329219728
25.502176808372244
29.953581292054075
26.12650478055995
26.049767464955682
25.64298159406896
29.065022788662603
22.336105612901257
25.08944510623716
25.236732582805402
26.80317197908637
23.597533999620453
24.035068566464258
22.763056858048483
26.03781291857215
25.207485896568702
28.86482075511116
26.687677878278482
23.45849937927027
30.675877324028843
24.30144321059538
20.383643554379848
26.663770081240543
22.616591881339794
21.678204750007065
22.770815317924097
25.193753933950997
25.977860031837253
23.451250822376004
24.229470922247533
26.495672899880805
28.660862936793432
28.589370734808067
27.774481147726803
24.944453878414084
25.688917858920906
26.497970620532424
29.182638659428537
27.986986406829043
25.13885417855225
21.4994193249311
23.5898955570765
16.047840236786136
22.75076257734593
22.707660545826528
26.607500056252714
24.19782826583105
21.124078658418927
29.88899482396065
20.873873279180074
25.141051531989866
24.74455794116242
23.049109093009992
25.64053180392859
29.250111735262674
24.36800250438778
28.851703199281182
24.596581865315578
24.746391450185655
25.65648390375266
22.565259745702853
26.821506086975628
22.242046475557917
25.066043922180874
27.710959600437622
27.461623280600396
29.82043825554539
21.966911594045204
22.445613567422388
28.367265414053556
25.641980470823455
20.6407481493029
22.893891688861594
24.125408827689185
21.94843383574107
25.62194294459346
26.64640246475028
23.92668419501061
22.88131371418458
26.120547523253997
23.583038406055596
21.648112785038723
28.554826188148958
24.098298058062234
23.51049945848603
27.19861468475166
24.55844032532857
26.631447808962353
25.305191004812876
23.661257328739254
22.497929818559857
31.04776419705084
21.50449332901305
21.14825862850307
26.65330194278
25.936352537501733
22.742145235062626
22.988066391597823
24.791032850689184
27.43630307492751
24.83071929710648
25.248214044321045
27.116665914012067
25.577218403458787
29.007081289048045
26.125344841697018
27.463561341227628
25.671673563574583
26.259143492734843
25.75217377404256
24.926279964809112
24.933424429907554
30.130203785803175
26.98528811359495
24.702226581492013
25.902458482310976
23.165282224159448
26.03181990793069
34.20377756304603
27.32685569631738
27.446646443037896
28.840686091548147
24.00033667132697
19.84184864284641
24.493733426752563
23.580146274784884
27.689101144130625
28.622160344545488
24.930871971394946
23.77945395081293
27.473900232359696
24.041787792882953
19.511133588651727
24.726667013966438
23.016673847492918
28.978039677944206
25.280980546834524
30.474166662449882
28.244878920240946
19.959395960728976
24.953196927995727
29.588817701583547
23.810538984974258
22.85028664669532
20.206682962664164
34.33104645298972
25.018071039899496
25.103664314083986
22.51207121231576
24.43688424635427
26.21481272733551
26.016944701277033
22.375445542604155
18.855010668860395
25.086642422968882
25.192802951911084
23.866396324678718
24.06670326910308
21.260423284110043
24.878770013234288
22.328426474819977
30.37743022598297
25.546395432018116
22.26226903083179
22.390122885185725
30.22065414684241
23.871849537135105
26.47733616971797
24.702993043359502
23.453589770395666
23.836799509466832
24.121792662634626
26.38782107607734
27.38832442227586
23.28478097064854
25.37130874426716
26.775367074024967
21.434857331449376
25.718519264684474
21.466401861471965
23.607361852557776
21.631749622559784
25.42091869989867
24.891065519692088
24.812100967321726
28.307394564008213
22.91552295607903
22.618229082938782
26.531522653476365
26.614709879654075
22.397611512376486
25.13543898581562
22.45949304024174
27.81667702249993
23.47685641662604
25.54492567922206
28.302413051372103
27.52149273217103
26.604552639235106
23.945096105406567
30.75270362949642
21.617714324764012
26.04188130063804
28.49386305538918
22.878682109627725
22.18040533410417
19.89316729679603
30.921272283658716
21.475679443755872
26.579261040839278
26.487539609146612
22.656269482375112
26.79057595372641
21.985365466158072
24.644561163093478
19.26585617553473
24.558943630626246
25.38861866896584
23.704102980181883
21.81220580373876
26.713560743575016
22.645257318497986
20.86532365074912
23.591706312780275
24.179100732573552
28.915747265855234
23.723655881997832
25.703536709051765
24.18222038293803
27.834473751597873
25.267819664041827
27.27179955399297
25.403701087805942
20.841359252876938
24.412072778587557
26.360478909107204
26.046009172667162
23.279399523702306
24.597403202309692
27.971896455495436
25.96134801589211
26.2924568464068
21.761654213374996
25.73665436603269
25.959738305080478
25.243060620087313
26.608170611758137
20.274539932515076
27.55907933509846
29.510586240091673
25.03518194707272
27.229196116244154
24.105579361107708
24.841290730458255
22.044503367274384
22.461131176490408
19.58957615843536
28.59786913975453
24.403756046474324
24.440910271462624
26.255091022106747
25.01368975949293
24.79491034244143
22.508196034400196
23.893510283793518
22.0631168209551
21.75241821098353
27.22813853985522
23.54758989316168
24.526935826412586
27.461104970981207
29.07249336648063
29.415922935249935
23.948723889020826
26.17044817388209
25.355264169089438
26.49734769324495
25.859846011487928
20.903611542543445
26.790175398052455
26.41984308612512
30.217353871991648
26.476989602116223
23.957661012428456
24.385183841769493
25.718233208570805
24.62945491179009
28.503610739570842
23.171037819879214
25.448884517050928
26.10949976463936
29.23876037902658
27.04987708330324
24.06756331391835
28.556046770814856
21.638140344260812
18.154449158113728
22.84524203600719
23.154093085317054
28.995452814030134
28.381343627765805
23.1457532283505
25.91834787133543
24.476980835606753
23.63161463473573
20.623281212573623
23.04686524845853
25.775879921109926
25.469461611630862
27.98578986130719
29.99392532577773
29.295920751456357
28.664733790083133
28.554637912999155
26.51194250450173
23.63591792076184
23.40896792286215
28.831749564076944
26.88078949140109
26.97800347860682
28.66066908164147
22.628895818503548
24.653589060687974
24.467395641203733
24.02775561230283
22.321516323306504
25.01512660372719
28.282539161361854
23.71874773034926
29.034833456611253
23.750053694382164
28.160831559117298
21.777759956642058
22.82176688370613
28.18516012079077
24.02326129418085
22.91392264601588
22.702904691491547
25.487179242372612
27.619849475469806
21.85192932498194
26.981786737943043
26.41508892532946
22.67319893188604
25.14128613981593
24.775993370566653
22.992998061046315
24.248875383624558
24.47026534601369
22.55218997406502
27.366833707485835
24.452936895232394
23.27820650635161
26.963129003785276
23.502242975834765
26.778905151837115
24.85220046664532
23.131375563508524
25.729699084480274
25.19874272779902
25.5750078045735
29.304447397574116
30.206441420157546
25.314736356292514
26.252913779524384
29.140248529278463
25.861562012824567
26.96872465055536
22.84133806534241
26.150144778080282
26.188490331847753
26.089183470905738
24.114230392430795
25.28241850349107
26.66213348870123
28.23530660985548
22.437427227566204
23.0933561298779
23.39383527104294
23.142056110557792
25.47232380037667
28.917896311659156
26.57583704846264
28.257398656924018
28.096379334681497
26.73769489371301
22.284288536682226
26.187543254048702
21.294142380799258
28.59403079407872
19.306517015129586
27.22958652245789
23.515213368576923
22.553708510665736
23.04619549875718
21.699595358335998
25.603402548068836
24.203863832162604
23.763588632061275
24.460760753243644
25.044780260192027
25.08942190947883
25.215862705029387
26.244862334065612
29.090561523621602
20.148564853123016
29.885270771014365
24.754538350605593
27.08436287861971
26.005990697845466
20.554171230327146
28.366881514076745
25.25284410426601
24.68959207342162
25.323913206787612
26.77929946703914
27.214194321935334
24.833076362873697
23.13946243082593
25.430732779598813
26.080960902156953
30.65014341002348
22.631659977941652
24.020343378055028
25.05401386735567
25.379128804894968
24.129671082805558
24.658987236181254
23.641273552719632
26.874947436438894
27.172489549118655
27.876139743708297
27.752178493454654
30.063077687857927
27.993527160448277
19.050909753695258
26.131117155692106
27.247806726064283
26.812494459006604
21.591624090902084
24.198851051631145
27.736787929068466
22.207558606543106
24.75988151318807
25.159635535436514
27.28546610310066
25.63633902684493
23.382282988623555
22.77593894595477
23.47726881340564
25.941231942954538
26.858200490393255
25.367762847192807
22.349681527158644
24.158505104629473
22.38100157243325
26.948082113713152
24.686500042756293
24.941991411870855
25.57482778707585
25.33880432984218
24.376484901720627
25.35684906299307
26.307711855439006
26.20942113074595
26.670998061500036
26.109715581577998
21.91186613867572
21.599531930558232
28.676338566434886
27.009433267197227
21.37466000951995
26.448419041463556
27.81734338780577
24.6570851931492
21.927264756477804
27.190652614105513
24.137820751492377
19.88291144293623
21.10967593770362
27.22278939364488
26.20919214663271
25.338994569067516
24.469984111820978
27.140238707388164
19.638647954737323
19.7669291628564
26.588899965398056
25.519167488242026
26.805065332973516
28.018590768743557
28.453777351625483
20.447110246577687
24.57444791131101
24.91978565380338
27.867184835727333
22.51215819140813
26.829089284131474
24.482786462842803
26.8441171806428
26.8872183709962
30.361626208580358
25.514338517460075
23.450618406710525
26.851482065178935
23.888303280423976
25.689822967569178
26.41916797057857
29.391482365212937
23.241982496681583
26.5341797356821
24.270171258732365
26.57498011911299
22.652371424241352
22.358944443441754
22.037542956193956
28.381756727506914
27.521354652370796
25.959728275203393
24.880882799214906
29.09537923584048
20.573242923480446
26.209181933340556
23.196207283158035
25.73485347312061
26.54077876713249
26.076754157989242
28.515079142517408
29.59216753899393
27.195119113821868
24.845730433416175
25.26769414836756
20.8134913580822
25.39167586917014
26.30034970165334
20.212365611625227
20.91731127575898
25.532179510774917
29.357275121620752
22.351661450220544
22.553604684496953
26.75907801423721
26.80010671833304
23.849742550368838
22.250159624440933
20.287608739872844
28.82880113487209
32.00221215120321
24.12146243078409
24.474080537752137
29.87999014700221
25.912090228475737
29.75346333905368
28.558258829086004
22.772915736656024
26.04103335295702
25.10623409110319
24.89884616030982
27.904749015892346
29.263206685582343
29.988702116401548
22.931361542302948
24.078907439381013
22.843149180111713
21.85176006369193
23.542226247468644
23.283460591516754
26.658824829717695
26.26963076820246
21.080629735552815
26.73018555862652
29.95790341209376
25.569423029044003
24.12416833334744
25.548808467240345
26.98522595456226
24.110116463754114
25.535860107282243
24.856483879475174
26.084016114508742
28.499257102993145
24.54648072540976
24.94676852201526
25.3768213405021
26.28262521839195
23.931693235338397
25.78854277459702
23.23712345848131
26.582301420397854
25.13995713971669
28.912802350622883
28.470882371571015
22.755552037648066
23.382148750871078
26.585254074061243
25.547573556586563
22.27275473968175
26.096207802861304
25.17492642619718
23.114692870815947
25.633354090491892
18.576701624504363
23.89087841305036
29.227308823652177
28.739703564905188
23.962645485394454
28.019277827286416
21.769659335223565
24.904228309857807
28.151542834746373
25.394699629330344
24.59795322636236
24.950053655679486
25.569811502350998
28.8121255274794
26.133382391549535
26.31123650986256
25.844018899232026
26.085226346727048
20.901018073239538
27.957092115446173
27.70892117331117
23.750163525616674
25.16186814334627
24.532083503626442
25.4324369372844
22.347257874840935
25.818609612753544
25.11269695699719
23.641148567523924
24.10029165572429
20.7023931800827
22.548489933089996
23.951936042990788
23.65034964833252
19.506688827978195
23.52708513042936
24.74873860710586
21.73014321879689
24.149121075316128
28.656786605539054
22.638952981331382
21.18889142066908
30.251431981098136
23.72683020856801
24.53240762289243
27.558454694958233
25.220914117357644
21.9010132790537
27.571568229095778
26.25238321329232
23.755526952843255
28.05391819477281
24.797675708702382
24.546226427499253
25.314902157944456
18.63996652195621
27.207846564277506
19.626322405485833
27.416353119019885
25.413213269052605
22.192282246407064
26.58609963966298
27.051469047772883
28.025676835399565
27.25734638727235
24.592159865350446
20.722007564740895
25.312451446612066
26.228985847926392
19.565088965893366
24.67197814753412
24.604565266111294
22.525517018167456
26.748932284202198
30.024071632969864
26.24565859402661
21.48750190139341
27.29867424945896
30.067609870381972
26.93926287147241
24.481412299202372
22.94213750839492
26.28336512810926
22.23695709923347
24.252385614368446
26.227977581546607
23.283565677564837
23.579060754030333
25.431072047070543
27.48938640889646
25.607524404628098
27.25799564730039
26.390975972727368
27.094205449608094
21.473433544436975
25.02405723445948
26.30029783291752
22.63034206033462
24.71017371544082
23.81717600358114
22.82546229875058
26.830716271089504
19.12384907753887
29.463244455088766
25.188125985151892
26.034837258497685
27.2899006842761
23.45702857439793
23.745570607673162
31.415399137189254
21.619608397539814
27.19772839957134
26.083581559500747
27.11741341828944
27.564050018268652
23.580011353777444
24.58703518983751
26.159627040867708
28.199677713342005
25.201889221408607
18.945103102875596
26.182799512541358
21.333264285201587
30.699817564577756
24.59341958640356
28.94431134292081
18.73551898520917
25.922681346434885
26.392305074176505
27.03694517268395
23.500400391892313
30.322885878449824
23.461090220162617
23.169391351134216
24.47248388714743
24.9122116261823
31.02809503741034
26.225089570058103
31.91024614422728
19.44062470413809
31.01447449180883
24.75957307307135
26.833903041863607
26.03147671937425
21.05490523826928
27.733650499399825
28.98718390597686
26.512359005919024
27.039850283660822
25.817224941118855
31.470451049571285
23.69540275147111
25.469765080345365
22.056611900977394
21.542552240156596
25.72684876583001
22.523437044814468
24.281448144536455
26.11487659207241
25.876372288333805
19.072728642651374
24.09978447723331
26.087902806299198
28.586070672983507
22.213122494863278
24.23524023060375
21.467907471329017
27.254150238393425
25.091119507354215
25.943620421955725
20.25806703949821
29.65396835657759
22.495660513827037
25.137414890804497
22.612729544155336
25.63727082110139
27.279772170277546
23.560116617278048
27.05981089751827
29.50827193798678
23.51493978089886
22.389203659469384
27.597319203724197
24.080019773605063
23.378068577720967
23.500402593433005
25.530577360403328
25.772588154761753
23.500201264223133
24.013443670232956
29.240467679194953
28.294189617040875
23.788218696311613
23.141155469112487
26.836130983318476
24.566101198622796
25.028153585391227
25.47118455594246
23.348544323980057
24.735793926703295
17.79022948780538
26.81424494248783
24.806071870961244
25.384675743470844
26.418826332584636
26.92528292957166
25.261562463778134
25.185809594424622
24.480580925305564
23.864987335214
23.20364908707551
26.116256384417333
25.890141520019448
24.49373327002802
28.12303087907809
25.00079415579095
28.61038494977493
25.0328829339685
23.14840280790571
26.560295092202093
22.713182352195414
25.329311450158958
23.375651567791287
28.268642909205255
29.53458082403106
23.11984653124541
24.32572126519269
33.34891717943256
28.94371025797908
21.772523190310675
23.44207156781658
21.493671066433215
23.640443883939046
21.207701704293054
25.26769061496582
28.86335375500061
29.098888525778264
24.765017261806424
23.865183253715625
25.402788651875607
25.03506321364732
25.406045735001992
22.334620691504266
23.16368324658395
24.37092008460835
27.599751204447003
25.85823113463616
25.653391395356557
26.620855398866205
20.797999715259845
28.996804323844273
25.363676256127636
27.28895158304123
27.662695977538625
21.91816583583101
26.445266332976477
24.03648085154813
25.440474677624543
19.009393139724082
21.41509483533945
24.93088934965808
21.305524303945745
24.359289769594508
26.71326521322333
24.967480724435067
27.271088818051894
22.840527830243072
24.496840997291738
26.06299336328245
23.847625016223095
20.892808373575523
20.802120888184906
27.109997251650103
27.523823842582917
25.676323402533864
26.644419701571536
26.069492445693324
26.55838328986821
26.05433526234483
26.243878275854094
26.324107509656756
25.12898546597677
29.13174259993537
23.80505335149883
25.250604009559183
27.108394154404735
27.455238120721067
24.430818451739977
30.904486623237567
28.127669250558498
23.949046431083616
28.192961120834116
23.442388821152427
27.26296062766128
23.75417853094455
25.301896261684398
23.5268694782612
23.71695159315467
25.12976622147783
24.016855540859634
27.4014483074716
23.424024717734564
25.623168021882652
25.1853788024251
19.552767214521314
25.112092025648636
26.674614675707804
24.907541091332405
27.163864116844145
23.78810041722806
20.70552389980133
24.00863475557834
27.05522271949295
23.166449824462912
22.2809012844992
19.810236079744463
28.279861257057604
19.649214181585446
27.366636335126728
26.710154992252
23.969400612179367
25.18420220123571
25.006687866929862
20.895365723010006
24.602425705133317
21.21341863405934
28.607661020626196
21.8537408009368
22.460716963081794
21.877399744092443
26.115680778120858
21.02314682266497
23.528225427558937
27.76348784786088
29.818790194432164
23.686173759390257
19.476878406280722
28.54234619498091
21.650004873298503
24.128558152855888
25.48072443376404
27.57242700930403
26.813997870272534
21.302121737500517
27.418683030856382
28.05203986633095
25.22594900832131
26.857856017752955
24.08843346151226
28.21996040598524
24.572405490570752
23.314430036294784
24.419967261613692
25.418886751232264
26.198773306002025
26.764900842598603
22.257242256842996
23.943389534865062
22.222303123775397
29.426697211778546
26.669132315473526
19.879277028622578
22.85333692460896
29.34799682444146
23.735689639734147
25.278825946665094
29.008090861170878
24.38145526663091
27.65463875000666
24.81097024155382
24.607113766735566
24.294376343811848
24.062607258196802
23.560512663056617
23.59057556223359
25.384578407719637
24.417403596388557
27.200256200746203
26.234951764953884
24.45260634566984
25.26677027340675
25.151545097317932
26.100547791745573
22.740330129424052
28.133388506753416
27.141046549263
20.602217459062157
23.899030738547243
22.469893749009398
25.094587280458462
23.352309655643303
25.446023406032605
21.35273230216858
24.166471459128655
22.680712897154095
22.613990380769383
25.802711644306655
25.649587788431482
24.63410925871567
20.427854301163308
20.147153761247615
25.427129732418027
25.487595417034978
21.403256881352156
23.75376814395826
27.579904711553016
25.807484461757582
23.90311484211236
20.556752685988382
22.148423970795214
26.105402011569208
28.430086644865824
26.69741478273601
27.479437238440617
24.570623305132827
16.460769412592345
23.107299291133067
30.023281125924438
23.361402470606745
26.211283405557225
26.423653908641896
21.717025414510392
22.610655586366022
24.624316574995056
25.66295149741488
26.46626168957041
26.186243796644526
25.68136401164397
27.126999324183636
26.53292252039065
26.584101489468573
24.486974165904236
29.53610856959641
25.090161503810442
22.172968774498887
26.539114332928285
25.285402778289992
24.975771211216767
21.14090829834471
26.60368999785778
23.458844706800527
29.27253723392805
25.79829785555422
26.735700853188334
26.199588637729086
25.238967316731312
23.692057010050018
19.83324527930142
24.793129967413478
23.51671266725012
22.650352157589506
23.873177099260396
25.0010811434041
25.624422763425088
29.119536163015436
26.64686551240787
32.22647017325503
25.37382639449717
20.758859186393416
23.498996175865365
29.82691078490236
26.621141866909984
24.945848397063376
26.611490320951418
28.333661105323944
24.440184255977723
24.361454148115733
26.454474883145693
24.830331417561833
26.79597280931994
27.666422568586253
25.52951090695824
21.650568285893744
27.522033544607442
26.363707105556962
27.52969436225442
28.049177147247022
26.832535525390554
25.42981802434535
24.612481722849953
23.01748396814643
24.993284144043532
23.946047947249106
26.407932500717187
23.484730845058728
25.176406404451676
24.953838353540966
23.296076059762658
24.93753751705335
26.180320373688694
28.447541459089436
22.692785600204484
27.041141621985517
25.24269322875812
25.213077090341613
25.132546502298034
25.980914268594972
26.072180766682077
24.457472676531182
29.02731036895441
20.770359755667513
21.235351376266944
29.82233610385955
28.674744769096222
27.55066654592221
26.417812250297544
23.56354191525621
23.70000968787262
20.554483682581814
28.118961357480494
27.41960733899559
28.96696674886106
23.647827457237266
25.493334545458513
23.327145247195148
22.53604649876419
24.585284013488582
22.427375335863374
24.33232471108225
25.243512220181053
25.20522370680035
26.25442275553695
27.244845471035646
24.173311967798078
24.114808677146982
31.295127687469506
22.07473450822299
25.582297090734713
25.657332394403266
24.59659339733164
24.64242845031298
25.75029231594116
19.315834973598356
20.913656305393175
24.91466904665957
20.76206084999738
23.898270293420364
20.798073705289152
22.372789584754535
22.141856387527376
25.38753751769406
22.22723690381038
24.326663199312023
29.892986851183473
27.938910263682853
26.34788593573616
20.97997850727796
23.028339197675038
20.63434076497214
23.042154334430652
22.868838280526514
26.230893304660885
25.576401230685256
26.205650659980662
24.97627026552934
27.328168354448167
26.216904557421426
26.559671605856863
24.133457952650247
30.464738880487015
28.55107079531867
24.64293983419116
26.112140089840292
25.926603366282094
24.11999259973438
22.761767357517307
29.68581063209647
28.033365221267672
26.214469312806205
27.833803632799622
23.220207533506404
30.30528716003756
25.372984456232015
25.187991961953465
30.72295728711909
26.330695831528207
24.880411031837603
24.907848982182184
21.40924437580091
26.699389477984358
23.288871636992056
27.497601863922633
23.981263674460145
27.869306449694605
29.952712354191544
29.667368960819722
22.245261319000154
26.473085376859174
22.88016425115476
25.778269558038225
25.989123280733157
22.35159487342211
27.10811506860105
24.395641297282648
32.78719842849483
26.64996720593008
25.244994090234012
25.79412826485175
22.75646404680707
27.419923699064405
27.311892604202992
26.809570067947398
23.885220738526137
26.45409370981939
26.972455195550427
24.06913133244574
23.502493105525392
21.841261431540826
25.407260341790128
25.531392663035422
26.38077638031011
24.744168633628775
27.742331315883565
27.6744288800109
25.237018922736855
21.933635286021758
25.491561304220653
26.491553620263065
22.650779530729366
23.840904173368042
25.367469355128055
27.25939079492573
22.31895591836007
30.020648487698743
25.77177955014256
26.949860909213474
26.33385528683366
26.465781948812246
23.303466609291632
20.965780459721977
20.53176213535256
23.384991669583712
25.336518559374756
24.181557589250247
29.427067319061923
23.694390259686404
30.088135162890573
22.028050376309864
23.564379713081696
22.379012717770248
27.398593234527368
23.998289937987444
23.9925694250921
26.17322049239901
26.66697552025047
22.943821890878237
24.946549454927663
21.218367857067843
19.922978136205007
29.331068743248192
29.066991000736735
24.490043090181167
25.64582408610775
24.40395418833831
27.091718750906796
24.024005612225924
26.142199425828
23.585143018482487
25.41400074150772
25.621951498375214
22.87709536979206
27.025569977159602
29.788236056785543
26.693149784308346
25.40803263238076
23.496958826352916
26.420181322767355
25.534344790601192
23.257522156996345
24.43230495271816
30.69120907648038
27.30010087202611
23.82061285902816
27.33526391265845
22.93305339874067
26.334951881754893
26.030953191802347
20.62042632414276
24.063893740228497
22.813341121918725
28.533494221209683
24.851530139116775
26.720069848201025
25.132455802568405
26.430747473824308
26.373974750145965
31.417633256968973
25.041465147535565
22.300476139953567
25.342699564509523
26.998542070172864
21.20936186028353
24.60867650576216
25.642297575147627
25.51127917704155
24.33006911938214
24.649280648739147
22.291818436029292
25.311510575066364
26.78353864435347
20.76561464265696
26.27050804048915
24.46046655411915
26.151379922816886
24.715859194336467
25.288309362781714
28.118404087150704
28.56231706605358
22.400399619752186
24.997572929281976
26.463650184667934
24.418245590032242
26.449168832450724
24.135432178089317
21.047468234507935
27.55606855947074
24.9426886098148
21.148352011623683
26.874934618849128
25.261166840129395
29.11252707433818
23.143125931253756
24.158061346879474
28.850987432559563
28.418247157365656
26.848517542602995
24.96056050191366
25.643760240815837
24.325545316603137
25.93921436269591
27.859233157576742
26.011091496384225
26.021256885025398
23.79712933188665
24.942549378248543
22.305607253236655
24.596885411368817
25.279429438483014
27.460293923123324
25.193038973985917
23.133377045784805
28.877553313061604
23.846687149026177
23.405600862699494
24.13024385153939
24.52996093096792
24.800207785635035
22.625075660608733
23.544678882929176
28.69622957876323
22.667994741529952
22.20951239058597
28.28356130234185
22.138975751447838
24.45096672169452
25.987568088656857
22.767355923600935
26.63162404992918
24.489624243378767
21.4638141626101
24.866541010348033
25.631254378962527
23.568480631719183
25.690341287708275
25.367602890090517
24.729955445499375
26.334367310307268
25.979576413080252
26.835720287913304
27.498922626053623
26.303524092958142
25.23633358943412
30.430931443363118
24.829450294827247
24.949599005933514
30.315891314857264
28.151688388666784
24.368446988028104
23.446147055978322
27.33943737227216
24.559766334739596
19.808758391149322
20.842214861975204
28.216357670823854
25.415913758890007
26.49271777040649
21.91739035221041
23.801794633190802
22.640448058088346
23.517016984310754
21.684352466454058
29.38118602408384
21.39762360974128
24.067946771854263
34.28085268178908
29.94638726547402
21.150078266114395
28.157474197515704
25.76337316572748
25.28123836041967
22.12311794357378
26.630168150891596
22.771754943195226
24.739170471075052
22.77337673164239
25.221218419245822
29.322831555030735
25.860920649000025
27.17230415191306
25.671554893716113
23.36919247390567
23.570670741373267
27.848740710374358
24.6654483469005
22.666322157850733
24.44563846256456
24.082161854303102
27.107944259412356
21.205978537462464
25.025697195613763
25.688171422623956
26.130196498105636
26.1719760311308
25.14481946571591
24.712684637003342
26.680727329631747
24.661129836311574
18.59552478880843
27.13237536731204
27.43413830715722
27.58052505951784
24.959009753608814
21.00354142715567
24.96991260408197
24.516331390694567
26.71873212240075
24.701908657836647
21.526547865779822
25.050244499411093
29.640824399070965
27.091707045532548
22.765847798132093
24.261715507485032
24.365254384350408
25.353298153712657
25.87514588083473
25.914236811134142
20.566523189765196
23.211093207588906
21.466426503236995
18.334031567215813
22.44290365154259
29.782957822738346
27.518158854534363
23.74435927137973
25.88463236005289
22.935473566632886
25.64833053959533
24.579501956440843
25.06025373502153
24.55918189245309
25.964212320634548
24.645400334902362
26.11431720648487
29.4699864339241
22.800018937400104
24.997921544522537
23.98530425496009
25.35732603017911
26.806329414930104
19.552773295999696
21.25003579579871
25.542450789506088
29.562934929679844
26.192412921910147
25.636582883835715
31.236549984259703
24.042402979829376
24.580212440015103
26.397697804089486
25.453126667112727
24.86079138157706
25.818742773142237
21.69671920539664
30.286764355348232
24.77810048271211
23.370287337303473
25.140922703751773
29.749118942743543
26.529313667820144
28.31420227792549
23.49557663646957
21.24146693780071
24.305268402496896
27.458210668954116
26.704618085903434
26.694472414881446
23.744746176322952
22.315379297967183
19.73002701073402
22.232106588086236
21.90478855156427
25.166510116136077
24.143675241531916
28.41617064963096
24.61213191283962
29.553343750333713
26.994859609155807
26.186423802255963
25.45924289959756
25.647460669597393
24.35625998305038
25.924990146401843
26.12353217935078
24.989252263331103
28.063341418924328
21.498453790664716
22.39059117997204
28.21630101174154
26.930388808435005
22.30824495787219
25.89956405833273
21.93688499921991
22.50497606623679
27.135364218415432
25.032208429865754
21.6003955607786
24.817135745590654
28.828662707856292
24.826046756691746
25.92680621910201
21.76145325144725
29.05665200790827
25.105992040203326
22.708384052029555
21.89132401090556
27.59233631903136
25.73045699839268
25.007054878669056
24.57837674280403
24.011744907982617
21.053871385145182
19.914958909794418
20.109692615616353
24.21073218096177
27.83639720774985
25.80291367290202
24.532956512652266
29.232278480001664
24.738312712421603
24.646599954377276
21.36805784484965
25.60011479016404
24.68444435526602
21.623981831425283
30.353715698937943
25.02485216473381
21.995332567060164
29.313789361794818
