24.344168794758172
24.899926789181865
24.8940635808313
25.96667502677082
27.442982824284726
22.620908264969028
22.79775023388966
26.073815470442632
21.191894170293942
24.269829026856307
23.905199831661296
25.517708059653135
27.16666390362394
23.051758007631175
26.548295537429823
20.402381890616777
25.369276371033045
24.196228469253573
24.01153193716297
25.71889216016642
25.356181228003052
25.54925318751349
29.290100901766554
27.445262597147046
25.07661558460794
26.58031722438985
28.51950186609242
30.471051612667285
20.823698423260982
21.005472136013424
25.73857922953971
24.450952087871944
25.210164107397453
26.90877640237456
22.531483434528372
25.184432580855077
27.20807202647049
27.08626405985272
22.245483545827256
22.42507658179973
26.790680194032504
24.056174520307515
21.546885051582816
30.118832614581052
27.205680934403865
30.41852608332902
25.2387772392645
27.975340791580546
24.631229691399703
26.706232038163925
24.358457901323334
23.70065501004326
29.803723223672254
24.819179073927575
24.429960395717373
21.12955071327785
27.417976451426256
26.836509694159133
28.736096024697275
27.453119717660186
27.470495044619724
28.04667939820641
24.276738408074372
26.18592853915266
23.8122834271121
24.670841871683685
23.831967160577978
26.690168653001052
21.72051996441024
26.637668463424927
22.255970236079566
29.785655349990428
26.245066796386507
29.158409233407415
28.938336009461423
26.408662424134153
26.2464928294448
23.13823633412324
24.12173608954927
22.893047204888596
21.618520227373455
24.760163014910376
24.451120937404887
24.577763219716932
23.36894685307121
25.594405628760207
21.084378906521128
25.752892884851054
22.258714235120532
25.45785291453849
23.808477381055237
26.440254982370746
26.773546769139692
25.96023264767051
23.154592533693236
30.738398796826438
24.431799675918263
25.268545424370547
21.947493236528263
22.23727269656673
26.325723164099834
22.787904767772616
21.867898697078186
27.032327527003307
24.36936626446088
27.427774489327845
24.965626550727723
25.085591602744902
24.39369115628763
21.72106301600477
25.237888774007526
21.016654495079486
29.815906052643836
22.971780181480167
26.391589465908933
29.542214617686668
28.048030452339695
21.57818236461239
26.01804697240319
28.376292455826214
26.774266838811833
28.811109419035503
25.391349510346497
25.717995113700685
27.2396383573144
25.168320557833116
27.297531008890296
26.76983905677299
26.008286859800915
27.395417710127358
25.051671834360118
21.658388501629133
26.037869158843
23.615413665238037
21.40283495971261
22.11308414532262
28.19428137451519
23.08678841933464
23.816100824274955
23.116238556743934
27.955409461087502
24.58192448720234
26.034959136096234
26.009047417136728
23.451039077670355
19.729962349297157
21.822064637052236
21.74867530278815
22.56690844523138
27.592684519985816
25.759744840641797
27.105128071524494
25.43668162070753
25.656472753817642
21.132962900786673
23.567482539245454
20.69237144909425
26.87894799485841
22.253759804485714
24.653591806902927
22.056462813003726
26.49816857199953
26.40118109172135
26.193429042295744
26.317614619603216
30.155300218196878
23.70987310983606
22.629843665987174
26.072302859131202
27.137690367280474
25.811565819437178
25.09542678249486
25.830818363211808
27.100473104018263
26.31934564644505
27.602507400959947
27.656015586480457
24.657141360171472
26.092088656627958
27.886128347115488
25.63663726650386
23.811897175189408
29.881884762791014
25.826516739593742
25.046154438411868
25.085494320190783
24.41083025072253
23.66999542822097
23.72603477222237
22.475643731737687
22.434355702684336
26.376553793243104
30.63778792470339
24.932675991668027
23.62912781283134
26.92249398658415
24.27590743007574
24.4226261930587
23.172641643966415
20.851632506394953
24.777876868431157
27.467338690002972
26.850775619689685
26.696503932341713
22.133451061224847
24.356043040985632
23.16026023915698
26.78894839644684
25.744939476696928
22.262506709933945
32.139615312965894
27.576454730420192
28.63240282382575
23.20002312360439
28.75571445057529
24.728169318558546
25.443627570944532
23.22400503391897
27.53061926266913
21.83303776782009
28.32802756848025
21.362284877585115
23.661875864002884
26.44837123536117
24.212593153241414
26.22527251992307
22.586588320240786
28.484957682822955
16.473752578851844
26.252368918634538
25.628196282752032
24.031944229612076
22.011538199579842
24.933656697907214
22.02067639489883
26.762833267088407
28.325539808719412
24.104383066921535
25.599449833354793
22.46267906514274
25.929737701012893
25.53527119399424
26.471192400421884
21.405193051622483
28.52007960360468
24.41301874595468
24.18087746166002
25.484169687156466
25.137533978528257
25.539645172805816
27.5037057637735
24.964085125641464
24.28484040452799
26.15776238409323
28.352494477105353
24.731924983154467
25.35439815862063
31.146716464019764
26.67275918084693
24.775926714180326
25.1766205745507
25.91612386836754
25.461003477158588
28.332587249126604
28.501649593722544
27.868522560410593
25.692730187209627
27.586199137050553
27.36544456344803
27.802918531240522
25.828857563569258
27.56683472126673
25.82216939965034
20.37244487938873
25.055241861855578
25.336930627866998
29.200548908544707
20.951919460635047
24.95171890043843
27.420126955176045
23.984833872473136
28.827404481555412
22.732767099751197
24.936433733472242
28.36956037460211
19.97400002344227
28.17107565087348
24.625796754347473
22.63620189419272
25.923117242260094
25.22036474307328
23.936393233338997
25.153865815446718
27.48231660725458
24.404308151293932
27.794095999705437
23.11381015828465
25.497109668124033
27.2915647344319
21.1661430995581
25.41024593724927
21.749808596877795
25.675762284009995
25.281286798333106
26.03702002492079
25.643900294593497
24.292229568313868
26.935962442663985
32.061961097412016
23.222022891336657
23.37266411935946
27.470209147669976
26.48287722983718
24.32451621261049
22.346496603852042
26.701991114947223
26.976813856699206
28.845071179367167
24.49239577963173
29.088322898485643
20.560482571368016
26.707687623840528
29.15175224259119
25.945405453022023
26.463692378698887
25.27295009991978
19.13383961624146
24.690835430473676
20.330136790310394
24.947373841824888
24.256043107585498
23.105446144361224
23.952537455650518
27.845901933578237
23.170577962801197
20.350973596115246
28.02597467759763
25.24695297472665
28.34526565874297
22.325250769448434
26.784324135216586
20.964608786498225
23.35805269114371
21.446465446860696
25.377221480739887
21.47991553291415
25.7058232155537
26.226048338483967
28.625386540410123
23.82366060640079
22.78647231662442
25.892123254991635
21.39461284940994
24.64220149416317
27.406992189625512
22.260229747210374
24.726745029865086
27.36854765666725
22.46992592085386
19.91995838937929
27.168691774619692
20.88056824339981
24.908275483932062
26.83196240203491
22.671544080857352
26.079214564556473
25.002743081750424
26.961653744738076
22.363895444057334
22.297149687016184
23.117298129510402
23.265937297982585
22.31800562527055
24.827095993740837
29.062656408919487
25.036094523323694
27.908992335107385
23.8220542453955
28.58356241128318
27.04215162666992
22.419564523027155
22.549085458475638
23.49469473518126
23.90715189964877
25.664708901167874
26.44101292262337
26.617181970752522
24.481438527709674
26.95966137951689
25.746961812642606
26.162277103722683
25.464580788922547
24.178499863977887
27.627783970930555
25.410028056853125
27.542684922142605
24.134149261948455
25.78264154081498
22.53850382421409
19.41703722664156
29.203866031555943
24.94614381616706
22.714693140727636
21.94484074868636
22.739512018695095
25.020903178736884
20.67149246138467
25.959865596546326
18.553609982223996
25.102225399166556
26.10831106992205
28.94417979803018
23.923020725239112
26.65670912444526
25.807639142056185
24.279548633392018
23.870220871265346
25.124554148416525
23.379448895751377
27.883413232735705
21.714312973725296
24.83405346518331
21.794428140509357
24.72250666011584
25.8104860669881
27.286670201082845
23.10589702605979
22.329247260326813
22.937861386775204
25.454912947236128
22.2575011731709
26.37315091615262
26.536649597343455
24.45189449590403
27.041697566090985
27.404294115828943
23.499349473801555
19.610661383545505
24.604359615586567
23.70170770086456
25.115764488386752
23.28605693405111
24.794802793693446
24.7878178958609
25.736240171128454
22.469839276004553
24.401341757129366
24.776793669014708
24.388383343648393
21.764665355478634
20.403726226058904
26.67800782441307
28.898559020865004
22.250327661408193
24.408886562197516
21.955827519888974
25.80252512397861
23.708603517132307
23.38574526283045
25.475782172638958
24.485407865762365
28.14779251046534
22.396055720563044
28.74254360004382
23.9103019437977
25.186933889114215
28.092503824143908
25.75565676677727
24.979494050847595
26.244222804990365
22.079838407891938
23.47670575578595
24.190635278801878
26.33711499671981
25.114754090431447
26.692595098502263
26.97286856875616
22.495633625954333
25.29037405979406
24.647554223333607
26.62452658836924
26.16218385143252
21.363983961558446
24.91268007794013
23.994583975473855
26.62013386481551
25.039677072936374
24.01952322373159
22.104995864275406
24.75113047874601
23.31969340614045
22.454871706851502
25.346006681054803
23.735996320065112
22.49803137863332
28.886762686898834
29.340676581035748
23.744057231410405
27.05391988967767
34.05202173152475
27.965604249198403
24.451445097213554
29.270001891404956
28.619093225368474
28.215011088034082
24.087283957518366
26.458940366886267
26.629322414118818
24.079755490833712
26.49662881279985
26.53976073788554
27.279180857752642
26.647423207067508
20.713650106867306
30.99138896341726
27.60162305085818
28.538860757546395
22.935374763742203
22.501877469884494
24.012672708408264
26.473386530530746
21.00805501727146
29.43685589538903
26.519509070894095
25.863677486556806
28.73780009932269
19.909265726077866
23.40423604895684
27.707785721173618
28.98375037527813
25.487695565658022
23.39007817940108
25.101009892447717
30.99643891429093
29.048788017192585
26.051924170830997
26.198610161686098
24.576784780355855
27.8929337256927
22.54157870387774
26.447985522910507
23.574653928467203
24.316601682755138
21.558967688980857
28.888907918634587
19.45779305326888
19.844577837729
27.063918127051764
22.916761171368687
26.812458154859893
23.68061303677178
22.20899741420305
24.974857487979904
20.708080524664354
24.668171911994136
21.913856569053767
21.291879195344976
25.81940896752116
32.95248714371032
25.90722371320417
23.46485619857992
26.570999476828277
26.317235441410066
29.922175366903254
21.318365767356696
23.71077420939077
26.94847402503776
26.482722048589054
25.60499680932984
27.083803291367243
28.05661692467407
20.494628323921187
22.39841886622886
25.061099380757717
21.796583831686373
27.26474630180551
23.639478599417394
25.39899069329551
25.54408749838741
28.230016713872672
22.153249987173126
28.253185329548646
23.291025635234544
22.229933217273903
24.20555292527449
27.773587316748976
25.018001873623945
21.817778734760847
25.74479436403956
26.70783144495153
23.7309894125676
24.84276040133275
22.071247249093215
26.495067607262442
21.02699109346062
25.480180070372548
23.82298974252832
23.447308524491863
25.769036342800618
26.403245503442935
24.305446333762287
26.02017654124561
23.79123047209064
20.347042173381816
23.74229710539877
26.803525300041873
25.162654522937817
27.110006141520635
22.087222625236077
24.238980155471932
24.02286024066347
25.9339950430472
27.82230072854867
23.493230515616368
26.852201381250246
25.40408640723297
24.034351628542616
19.963673220847483
24.427890429674022
19.661019946059863
26.41850561450996
27.08273372427796
24.673079656940114
23.74394373269603
26.478628255033293
22.997316308291214
27.34603564782095
28.725470287343217
21.109629081324833
26.137777780534854
26.2281375530629
23.01511395968992
20.027513872039385
23.621106044968396
30.345435509407224
28.01013632331968
30.542397381876462
25.08966181214205
26.428352834194662
25.100944870784254
27.126641752724154
27.12074420508482
30.8478415607484
27.643024462304993
23.974342071569666
26.663608170956493
25.339330137060696
26.704441986477605
22.843112134019176
23.605991788315237
25.50740228848921
22.837532142056997
28.035718106765806
25.020487352876625
27.314382306872112
25.96696304914711
26.02260133035518
25.211029252991686
22.425607573436594
27.1172965458981
25.596365663723894
24.598864666076345
23.769708024369034
27.39801198077517
22.941159624265858
24.726908436400898
21.740773748750414
22.464734790549265
28.49282659059701
21.361881427584184
23.11484520013593
21.575089383716183
24.269554120164567
26.92726314994072
21.81630790611785
21.903149841250727
27.38615539112319
26.12634138166638
28.845978869999062
28.84230209265102
20.774206958827133
25.921762671959115
25.690013625634613
29.364501189767207
27.899348994883617
26.871802561679857
24.345237326534093
26.38713967902708
21.956014613394288
27.625356656285376
26.819817511014836
22.757736027374758
27.008377566100375
25.961083440910073
25.54070180654255
27.59442766271317
24.591602625427438
23.593687316790312
24.540869808748155
25.55295706307869
27.12338100815343
22.262295573413446
25.311973686043054
26.191713522317215
23.336743996896782
19.801351457959793
25.559712256284993
22.210577093861158
24.04896955022746
22.327509111452365
26.868178157893603
27.72583645174517
27.942244699066595
20.706774856403182
26.56716831287216
24.08927294135695
19.22559507097237
25.953854464831565
28.86621264112341
28.492529938947328
25.039306862050147
25.842794274963133
26.71541867218146
25.616262126938977
25.207944044291114
22.576144198064053
27.115271112973794
23.24435056823074
26.234097724424604
21.6394700996131
20.557619529751687
25.514612920995038
24.49376356056996
28.298424771574027
29.37609376154358
21.771305151117343
25.705839861883906
23.22879038313134
29.50440087974092
28.528668154935225
24.419969158152885
24.21898763864163
21.889083433810836
23.386941257994835
24.954663883849598
26.776975678492715
23.8463576206251
27.941283807545027
25.797384631417792
23.999393244089585
27.792324263038854
26.71838854560972
23.377215348575323
19.083107218868257
25.537130571234616
20.828515842225134
20.40852524083107
28.062030398350394
32.98129639296699
23.36904201649057
27.278327275849502
22.209865296241766
29.461490421297334
18.863227432743074
24.391526727875537
23.350953383304894
26.93157062161403
23.950127843863758
23.67797051163777
25.665862892271303
25.521252320262516
26.38457220074509
24.070693685085864
25.17652968864105
25.952074000917847
23.422044133374172
27.278753075056954
24.0863552795
23.111273755060605
24.551865071726805
25.532454189183728
25.137885230608628
24.045596389350923
24.55171810136362
24.503277345401102
23.956937622586906
24.922271270791388
27.70139651081547
30.208153556872087
24.561375885025658
25.955934894641405
22.734949106457012
25.161882097347632
21.636127832488874
29.166144089370277
29.617967085734335
21.19734744327615
25.257898314151035
22.131067809803977
24.623198613027334
27.282634607974526
25.273110422466537
22.297289648947437
25.576521089780385
25.19755641589654
23.81299157470834
23.042780854954817
22.271055245032862
23.625493213793135
22.29620167317773
28.70967140408701
28.31108026904157
27.113011876664615
25.456499600708643
26.953055108556704
23.508459601697293
21.006622767316355
22.07349023027723
20.388934703036764
30.050264193149292
22.861787856098058
23.805406837139117
25.493285396827957
25.564965647115486
22.996459326009276
23.31193219247466
26.84497576633527
23.55071592251905
29.35489408655313
23.437474208960367
27.348439564042845
24.53624890905992
24.01391351172975
24.47044801957083
25.419360308964592
22.878417106422887
24.660895168937273
26.075075969209074
24.793401100768406
28.64945107558194
26.64025375834138
25.254286309373075
29.192202628651152
27.021940467984003
25.081117624102774
25.849997215476012
30.65933598206211
25.419244922193894
25.22650813999015
27.89793607799629
23.993211725099282
25.746361048463555
31.656926595864018
25.768146026795964
27.716861197715208
23.35308184977128
24.23689205195683
26.775323109490834
25.428295365610236
29.16868830158537
26.749956760033427
28.229982834209277
26.32703849947279
24.41322391861121
23.711605514295766
25.35099775302351
24.97039405962041
28.271082437508795
23.321845146754605
22.51776299411863
23.0013257455825
25.869557274966258
22.47779747076632
25.417574715279546
23.530016776671328
23.821722891712938
24.779667120951782
25.638910330251996
22.326202752680835
29.713620773975002
23.647543637160886
31.056613336981457
25.525802540778148
24.68686217474206
25.835551077248724
22.82584253580725
26.71246324980743
25.29567075424636
19.722005700794107
26.425751253739275
29.044249690661907
23.90107147765982
23.378377683786848
24.67961982451781
24.53680365378477
24.269933133498608
26.939316723345957
26.22575044203824
20.23722613579499
24.64594178924426
25.51619895302985
25.8960267056937
24.507272943762555
27.543617228835064
24.290399427756295
22.938989244105052
23.19018276548356
27.724778284855702
24.388484945170315
25.174115763950937
18.870631702783715
30.051874357399495
22.657782617722038
24.198742871917077
25.12295241719946
21.136951874904227
25.37312116719923
26.66759442160232
18.30152441459293
23.84783629762635
21.388499942188528
28.547969020074923
25.86934733677507
25.434031053706352
26.804072641298905
23.863656259687872
29.87326583599687
22.338281609581987
29.08987204689811
22.899163968629612
28.467310387673177
24.13666281633856
21.301810781299878
25.383355451475584
26.649087053369797
23.955326374877142
26.43068939427268
24.8503442418818
25.8422157826611
31.135049193528065
24.073813216990864
24.70931798896205
20.8588300528145
25.529114506605552
29.78485104203046
30.268365040632684
25.537622589251555
24.50420211377008
24.139924740873173
24.859171620193393
22.601786003728588
23.68283442348945
27.21984119238854
25.647446793025715
20.871138813491317
30.190937605420917
22.954114999864068
28.915906247979805
25.221316010159438
28.367870562808353
25.91834941211884
22.578723280408163
28.693902458672138
27.602461451624865
29.60352443758621
24.02114044602221
23.559415043107357
26.36878354098373
25.333104654589324
25.670443940312616
27.99204313423971
19.63603991310549
25.45426129386996
24.7485076099179
20.650159621204377
25.726774498178873
25.795152683393905
29.48253393512832
28.734172970445908
26.54506964663173
25.760323603485354
25.769323352769597
26.11932371423872
22.294082449705563
23.798869507511696
31.060299053668935
25.7640828133032
27.984576485648798
24.54989555668452
27.031845321261784
28.360621408631545
23.87854795529656
26.97405184046601
27.238590610947533
28.123805146727335
25.838015427574128
24.460475528236973
25.735540017906413
23.1966830590665
24.42412278578369
21.266568363082055
26.382120459759445
24.74434974865662
25.929231216105613
25.338805908110015
22.881787686407925
21.30086103147071
23.68238546592016
19.36562678080593
19.112987732243166
26.324553731743386
19.313594720678243
26.251365117865898
28.039742690583427
21.174937486938166
21.210304564061257
26.545097542584333
25.806301411797914
27.361439317694156
26.010543129003473
29.03909505469594
24.609389229431997
25.686688177252183
23.1109007047389
26.259106134720398
23.84548750948924
22.57258916690457
21.175808748620117
26.920214458599503
28.436716283586364
29.765743901457164
27.789896354841144
23.325567284410283
25.847816841139572
27.213390683627004
22.898424835968207
23.200074409113686
20.884554721531273
25.303934995609282
24.400706908291983
22.52073029386271
21.100704160197623
25.471733420287904
25.00718529682743
23.401580101464397
20.179453027607774
28.26203516016321
23.055583426712875
26.403629503759255
28.16819830490417
26.579725668885246
28.56863129981791
27.549797474469504
28.839697285609347
24.55599989019765
23.946120907254013
26.803163755785846
29.241914304162588
22.75055738183901
23.359942007584145
20.70181935030636
21.676323989238405
26.361073586754653
24.717128347345465
21.690512422629343
24.382914514867977
23.980407000861014
26.330331239592965
24.599862173079735
23.6174907219937
19.705478023638317
26.730696687197444
22.759841180417627
18.275156824061767
22.627869948164562
27.007816124836108
21.74528928987383
27.22944864301567
29.121526326500536
26.856286655736234
23.234170885181854
24.659389243112066
26.36709942806881
26.28291083546376
29.296686422802473
27.876786418362972
20.423769179310014
26.176684765833052
30.039711198180292
29.858651721444744
25.068076271694235
28.404243567386427
26.036095843096568
23.120137031101535
25.27885265643627
27.83331589988032
25.07556660074365
23.027341211160877
23.079308351116595
23.39360521274347
21.833930128604237
23.343361557645903
25.43532515482357
27.681723756171237
24.898008283486618
30.84631323371591
27.068081551414416
27.581026041881813
26.30210446965161
27.147664532693437
18.869587051232095
25.131412013776842
26.924465341883483
27.54181839479643
26.813640854738853
27.573928422301993
25.180733127597993
23.94918192454816
21.891129016327717
26.532372923026042
28.925608974144197
25.200553370139446
23.71455866074018
25.12954531134678
21.378735451022354
28.29969534266339
23.391609946906424
21.287386487548183
19.88592637439609
26.63416498095288
30.07834689025261
25.495431946484754
26.220466532723613
23.824979542859907
23.520554932593075
24.672566746323046
25.742391405682618
26.742434394212644
20.694495592816047
25.000151316914362
27.96887973509464
24.715360871477678
27.23507217745769
25.09488219521038
25.02123461515106
26.249761342319125
28.436795720116418
24.88446845865817
25.90119989296788
25.46334498035837
25.032952322773617
23.979986363877355
26.098816756744114
26.64473156840122
26.184065748970024
26.953356665578486
24.35635250079676
26.5710308237989
22.54272712110271
22.852392511303076
20.87338871723089
25.549291187696824
26.014427921437008
22.89805833380594
23.68716682020893
24.498119861889034
26.59553071847905
28.36216967242603
20.90365751895531
27.299719655790444
27.899347590086524
23.312809839964547
24.378645833038362
22.995291883258847
26.190143280600243
24.601956827928447
23.67807688999071
22.78844899628753
24.553611077241037
25.757192328517938
26.990193345937943
26.33737094840488
22.863815449044925
29.168053141801728
24.63003134344985
25.005538955131026
27.620444181263913
24.93087787735412
21.871276990225546
25.762735109330862
23.606522455698848
27.480993719772307
27.959958245404966
24.488215238095876
22.504379650089255
25.277430057571074
27.74964659329996
26.10633807754701
25.274156933174893
26.66888458421383
26.77650337651262
23.283817422691556
25.193511570354854
21.215245363291597
21.676125513212334
25.31604500954252
21.147589788060287
29.16823014703092
25.1246886218656
24.27308927237769
26.87715679469042
23.12514207546412
26.205573265705763
28.011514043260654
26.10765351636828
23.791225686860507
28.178816810995986
28.253619434815384
25.13677285755085
22.70097530154991
28.0790474084888
21.30739054856334
23.414952222929468
28.70441088026244
25.82467799426294
23.767089722818685
24.791564319534277
28.860497268063085
25.162611480338768
26.41366467231409
26.859270094300143
28.881313159285234
29.20902885358555
27.247961769918856
22.626434958553915
27.690482708306742
21.382893079603072
24.96737831197062
26.423881917001733
27.82045460975466
25.946280164215516
27.14691157359625
26.355480172907612
20.272744558093397
23.470626593978075
24.811510195842043
26.802375310095876
26.28012663712615
22.931530216212224
24.10300926389331
25.90933112854554
25.025996036031373
24.811190908793353
25.750127332614266
27.073060172944466
19.036207063574615
29.700733369645008
21.972368069842585
21.647772911412037
21.192542418897823
24.155310265928726
25.7173301016607
22.79483880464558
23.399116078746196
23.6284578519902
27.345848333644973
22.791770989148766
26.849931321925908
23.462032653919266
21.894076232043933
21.325913856677488
24.227393117638417
25.1170524416692
26.940857943238793
26.481078443630786
28.337967536532894
25.282587131789647
22.586509833867357
25.5921948126367
27.105180874595746
28.879374091729954
24.705191427640834
28.481609711404758
25.08855858072439
20.337587530154952
22.321852618283152
24.506997086953213
23.031794483393597
28.008895352371848
26.07069409488995
23.290135473566895
26.848486738891072
25.670499798756083
20.58541540360704
27.51509036580314
23.175000020423855
26.714921326774455
24.00079060779633
25.28192728686944
21.682391596918954
27.236422287852047
19.74567265625916
27.972219133334733
27.479483049526777
23.766065824798197
29.094228798475445
27.961602405059857
28.87724910795662
26.995017803251518
27.202214955706985
22.427646696634234
21.775164424079065
28.059324720431064
25.07674970681091
24.905164719363786
21.72006337043263
28.400365076601602
26.079074595693147
26.0086871877399
26.789305918121173
22.291487847107824
23.336239977152744
28.031975374234612
23.042310961508907
30.072017020458812
24.214305819067203
27.04667436031297
21.313752036196675
20.314156744939897
29.12898344100396
25.792258663458913
21.547205841794106
25.942966476229294
24.212487773733155
25.25826038068087
24.678585550456162
22.807160576255672
25.184188133929464
23.393469104890833
23.336099202077413
26.926581479636887
25.33996330400092
27.746132947563495
23.289331005243024
26.450719289612465
28.422633888728765
28.15334782742736
26.280546346357035
22.323309766605025
23.87916829034285
21.337378423603216
25.9767325433469
29.53335274145864
21.740536795662685
26.63253115709681
23.57562927268953
23.034688520008533
28.73168015772516
23.622457949299083
23.29085513930535
26.126476680677253
26.249775746297775
26.443475766126927
23.96478715673739
25.269506829501694
25.27972983362525
18.944739150867036
24.85668825470456
23.090004699005217
24.719787506546727
26.631894887223986
29.27163279163519
28.46469326640164
25.60358704545923
24.584038717501027
25.040769665677413
25.11595766154637
25.423726752374865
21.62093858641104
27.094718334726192
29.60415622208181
28.680669586691057
24.193112885061886
20.749763263123704
30.23948488105872
22.603732558248524
27.327560020734094
28.695819957097484
30.7377300573296
21.76225984231043
30.550916408234244
21.528116277276556
28.7145109052014
25.654692621465216
25.097640077425375
24.92198749388256
23.261004551519278
28.470753255247377
26.698944877080702
19.65511814875396
27.295387849483703
25.53007117840072
23.176117451482803
23.330393074964213
26.559159288532793
27.051556599119422
20.23579775180476
30.024075356135462
26.493586798062957
24.011638113880156
25.638099419940144
21.265111655315746
28.715619646257334
23.688601225123943
25.63655418752852
29.89473029122061
24.090115875792684
26.530871527816238
22.254963043720583
26.370353817564844
22.832251574245127
24.233026626597606
26.308782794590723
21.67611753973648
28.141974321977038
21.515849280355532
19.978970409501237
24.470988382128947
27.751765496782458
26.47293030753039
24.82781811159814
24.82702084583071
30.569534495224094
29.097535428614737
23.789796376462938
25.591539252192973
25.22551868351419
23.228648920989293
21.45405122268772
25.338107723139107
28.471595336554394
21.364011396452575
22.977870420890085
23.278298919238182
27.65061805180016
27.698956877165845
23.261686882485648
27.777489333758783
20.286635142110054
22.22266436251958
26.643437806305776
29.440773242883797
20.422748564302076
24.949698322492313
22.011645832950517
22.577615198643773
23.991516329567578
25.831734855653615
22.739227229599194
26.92423425140942
23.120381207442954
25.54016852974619
24.981875894456678
25.45376403264092
25.988680407330236
26.88614989533932
26.78311077767271
20.361560453480884
24.603566258885955
23.41647336608108
22.687080699124664
24.009474750529463
26.404483274505658
25.091376407430353
27.75112230035201
26.308448265929943
24.292066854186206
27.166650857157816
25.241171246663285
26.427715225662514
27.992348341478507
30.712226222047835
25.258612367171636
24.676809142182282
22.15456039753351
25.855960415850554
24.41003337502077
26.707805517794586
25.71180795624491
27.518174309988282
25.226464759959438
24.968890043908935
26.47258372271344
21.84251306817544
27.142805168188655
22.81368276420454
23.656315475097124
26.39299563122565
25.78425259285452
23.913041783448445
22.775264386678902
23.923309831585907
21.51348822140486
23.80219279379847
24.293566349842127
24.31865807858848
25.891561733110173
20.79907304614051
29.59556189987847
25.947899316406623
23.85256140977532
22.174823502850575
25.301881606665507
23.000049748512044
28.020978752207427
23.82557281410539
22.83410733174182
24.6359594448984
23.97326154275352
24.300614931884414
23.1094875893619
24.77340235218074
21.725751023036466
18.499716406755002
25.027437737171315
25.04249297149512
28.926756554883724
27.201064164496845
26.525133583216704
24.049175470084254
26.180625983406408
24.925656657772457
29.495535835330898
29.48955122410302
28.93360581061036
23.958949766427367
20.958462283298065
31.536073599112033
28.264082542548728
27.386402701224718
28.59355021727833
25.130321221548797
25.820692183783166
28.757096589668514
28.367846104779417
23.223847130334256
26.06298240198881
22.826550885061597
25.46981774574987
29.918410580026098
27.059428219469723
23.023409784358833
24.403629608562806
27.94945608999032
29.279457618634083
17.774963634551874
19.658800771059887
24.734398742386908
23.282380845313266
28.813037695232698
21.602317299222754
22.42395536266632
24.638129440973717
19.575384072199384
26.36079195122291
23.974635425444497
21.263249436169325
27.62190710037707
26.47423893506096
24.421639489481894
20.15017302184245
25.5807224902262
25.207216105347854
25.45955944285082
25.39867405835801
27.42990873888802
27.42002288552088
26.191535059883876
22.116123126012706
26.069971897041288
29.34251887213096
24.21016012620298
25.81599020596764
29.155854308707617
24.729276249296905
24.743566640444335
25.201571735428736
26.05915616785585
30.852513144765794
27.980367244783775
21.347078408593745
20.492158931719583
22.649008774805683
25.369468718603898
25.925450007956794
23.923156275078597
23.206620281540978
28.860469845086097
25.241229242018644
28.079083346732784
26.56497216046299
24.32261221126774
26.527990444924498
24.431936834298956
22.30219905823055
24.837963691504658
22.377716732417145
17.498378893877653
23.187144040323375
25.484765012839418
21.230070563659613
26.802509728974282
27.725786564382158
26.952517314672104
24.2276335487839
27.822553391534107
20.7183419532321
23.651546542071106
21.243065871273178
21.74073331606817
21.229785859957733
27.92470136443004
22.083224673843013
26.147999473328532
24.053036650083012
23.236840096261577
29.316543156803093
28.167795034490606
29.197050509825853
20.91437301837236
26.431568267287457
22.95585390814132
22.828679989470604
30.609593445449185
29.340889680758483
19.950433811355104
24.71100866532639
27.528902177312045
23.326029804344017
21.693476700890592
26.523463412992754
23.188364366817524
24.665543965816013
21.13075585798615
21.990102347520192
26.11711172811642
28.906422645006593
22.191082135880983
22.047311779141427
23.324403405797437
26.575247452644366
29.39778882233639
23.378907991974806
24.60018649118374
26.610672256208368
25.396053298388647
23.669017448085228
22.470756059493795
23.89106806665782
22.546585344737263
22.26974689474598
26.27735266831635
26.176619804474168
22.162102233197242
22.161199950785957
20.640505743658622
25.65743542999263
25.59958671680627
28.053297381365773
26.763229364189076
25.985272094939972
26.970297874058975
24.556208472040012
27.02829375396117
27.128458781620342
24.21207648184825
23.206727592100037
23.163269161039082
25.535955445823205
22.51104662036138
24.64170298364233
27.752478251229903
26.761495323146207
22.269029721150893
26.282252992905807
23.683418458586562
27.730311281044358
25.869881787329053
23.800323986520183
21.769586336741785
27.222477219275042
24.558249259199496
24.08493548755265
26.86933224429618
22.904990000520883
25.358727742691595
25.35544698068556
25.656199416851234
20.845620912995724
27.62167575850759
26.834136888041392
29.018174002196748
24.445399727530052
25.104920098245366
26.365805422405046
23.614643696058863
27.490202682908237
23.37249183629577
28.136226676662023
29.001130492470843
26.195508076018097
21.64080553728219
24.241090244865994
18.79895363929961
27.233172030581297
22.20476979861691
31.623403574078214
24.25214051603446
22.425316586336372
23.036650668070738
27.044199815935894
22.074079543093937
26.576536152433448
26.607946814477547
28.795360337818693
27.766083841248832
22.006841577779745
23.104519518893625
21.45901315353589
18.770881893257812
26.25999646679598
27.186129610167068
23.110602190533704
25.983320883243522
24.0973902265274
27.047877548193515
22.14273342607569
24.8298483213873
23.909135820872983
25.72061142385907
27.577607793485917
31.898279530632273
24.016718389760634
26.787450349729433
27.077900112567026
27.544051578891928
27.855204027450334
23.342026008671812
26.863366662289383
23.055779649444947
24.53530338963907
22.846517901281057
26.237560394648487
27.985855503719055
22.663445375553906
22.858597117202912
20.77929934406639
21.723434201498776
28.54605846038036
27.71524578654559
25.73847322801495
29.49322490955995
22.757886812240894
25.971320601685367
23.525716773079463
25.97900444594805
30.430369341586086
26.99671043415759
25.274504961401934
27.160122574904683
28.111391218324616
24.591462898049713
28.79973862481352
24.531490784826246
25.8438232090197
32.55250002782841
27.943021299544814
27.1895565172927
24.60461438052007
24.401507212403338
27.150946593563773
23.131588157981202
27.734867129020973
25.20651766018087
23.282366517594124
26.335341462975354
28.93998494098124
23.45415179889215
30.367255136961663
20.79081398187208
24.66084907636523
24.052460749856817
23.836447537065578
26.129958268097685
28.77252811527592
25.44231787738747
23.683393740163602
24.746206984643834
22.3424970212554
25.819842476997398
25.572792391960935
27.29396735158897
23.681064473414736
27.14951782953762
29.229622993213628
30.067051583644613
27.04066511809655
24.79941196602921
21.012471381931928
28.6449949189002
21.699082999134614
22.653349269047155
23.606679382464385
19.658989062698453
19.41136903462877
23.43083513457541
25.54106577643176
27.170896385211478
28.83123132364383
23.059292640156933
25.944418417028317
24.876917698678813
23.752571462019624
29.451099144740514
26.662884390511728
27.36849386252535
24.760472908840622
23.137939689612203
25.271684174802644
27.30787188119741
25.82408756215083
16.186550896244754
27.66147321306933
25.92512225037111
28.618530376160876
23.708169954352876
26.607259491431698
26.413551233345245
25.32655420154001
25.083503022388797
30.044496288076054
25.579423735591476
25.306219874483652
26.133078494127513
27.902986805923252
23.025585431538122
26.3338980161542
22.222844626704447
26.862476631726448
20.637871026598777
28.68675867883334
25.11010465844184
24.289511303644478
22.382411099787976
25.418219603784426
26.061234126115313
18.36881377540442
31.783147675802535
23.472646355740785
25.445985095378095
24.44654241083023
23.174695672889413
23.39960366023371
26.41254710568905
22.07150376898997
25.435342258452984
28.868729473143144
20.467493295946646
28.7356233777104
21.596130419188157
22.52834962821673
25.717724149307912
25.27456959008026
20.701962334007995
24.880020795979174
28.137310904562224
22.60531748699672
28.861048000480604
21.818543269023618
23.87238515031039
26.269446725395007
21.82254962908245
21.743079324418826
21.387516430020053
23.221110180721404
24.23095964285061
26.12011236032192
23.03565773465761
25.520520751657525
28.01693943274495
26.87070570425034
25.689609039065974
25.366095567456068
21.843430869676286
25.604211255538907
24.39153857686143
26.266263833557087
25.829269741161607
26.459896003531803
22.528223160925204
23.14722038215735
23.55624038897622
24.8836393068894
28.72254284918862
29.267195972154994
21.968008695406088
25.476759266117718
23.6149960285919
21.57134715826471
24.610967510869592
23.639466707749506
29.85169669969904
26.98268443205213
26.273419253922928
26.660669885343143
25.980611699372965
27.61709954749683
22.055198380093188
19.399512113709875
23.408162980600757
22.72541279275182
22.810298592296018
26.33354910077033
22.751341907066664
24.331740381505487
23.96435213566363
29.322109496692192
24.74943583215089
29.735344725046687
23.169676729355768
22.718326299815438
23.12306071177494
31.910046036559113
25.914013596983107
20.759524317915535
25.020147805549172
23.450405718060985
27.236647929341824
20.813177735167326
24.881602610847505
25.72664860434968
28.473277370964713
23.421969448354723
30.622034221025856
24.604434186518574
22.026144595332863
22.940177018578776
24.705860589830404
25.648591683916624
24.70573145198307
22.92606678833925
25.687871324580474
27.40952885108341
25.12400900932479
24.767486986695413
25.828661782862287
26.978236653438028
25.520808281494507
27.192840707431305
25.35597209415416
22.620265862447745
26.096131734948425
26.864508835455485
28.133201669944626
22.614542628503607
27.273092367908955
20.600338165975383
22.028121110852986
26.88574360009493
26.484579818816883
24.426962933141137
26.14883113625561
24.896244102882417
27.41696714127875
28.307916462163103
27.44289996893277
24.91931513301768
24.66523106819402
26.79966639032982
23.354221850489594
27.823581072140875
26.290040415062595
22.876772489190717
28.71826276404447
22.36494171400969
19.22469046582551
23.77459933910897
21.720069487216218
26.058323833925947
26.73055748702475
29.644748236225404
24.69087499649641
26.4322015811857
23.239027373850945
30.283362801313764
30.904695652605305
20.050685542341558
26.021398974968797
26.65061424509256
22.915829912664044
