18.80654503728367
21.099112147970324
18.34112526582931
18.038872841519566
17.075844999428156
18.25275050793745
20.083095223288513
18.228313322716073
19.92810810928015
17.598162827534658
19.24926730185515
19.94017145573384
20.802483990023507
20.046727383123393
20.32470680122905
18.59248323813225
19.740133250464787
17.145478964506847
20.628835276501
18.243487936053512
21.302563220943412
19.483115282277836
18.84482106961563
19.034006426791034
19.2500650426756
18.153637863112426
19.00990485565933
19.90806637644499
19.31057755261398
19.25801217903401
19.151988978601352
19.37967123471334
18.440850306214273
21.335095547076236
18.978071938227657
18.56299081539723
19.2500154949745
18.415245904242198
17.817244825436525
18.366342853119534
18.413026757676477
17.65769020694272
17.897132742836977
21.068489407146714
19.33713128936092
19.83688302108347
18.011811531392656
19.82317383104996
19.84639059826704
18.953389390375666
18.39215751135344
19.516949242248547
17.892841161945825
17.58969050661894
18.37322892366974
20.576063958249044
19.041330280197926
20.10281225393641
19.76768614211269
20.355889845922444
18.738693799945764
19.219451037486348
17.180607562299752
18.325514721113638
19.652250279827488
18.197220474108416
17.82014820573314
18.532316042951
18.44352392568809
17.037786430601468
19.024248613262554
18.736119657610683
18.765259040780233
17.203280263570957
19.15582902598125
19.96085690804859
17.53761247425476
18.932576373388613
18.64427832563428
19.026116853802517
18.48253856527894
18.67411103084456
15.600474175196883
17.28494528690471
19.36183025849171
18.965760204050273
18.1606946279531
18.978621823173388
17.580244746436584
19.276646843368418
16.94524319546868
21.543007215602266
19.661563743817478
18.731083229793043
18.173405853245907
18.326289397894307
18.814783020524214
17.661314885768817
17.604311204108804
17.67289078299133
18.738795752109024
18.282678077878867
18.30269463466469
17.193608776842964
18.80590709977603
18.99656138543522
18.951665378521238
18.78825257901312
19.417035276655614
18.81955811447864
16.062111007669515
17.988935138077935
18.67908585011002
18.967632224313586
19.71683836508208
20.710120996799063
18.301004218834464
19.241976066113665
18.444575443717273
18.306560499977994
18.041167078031116
17.978534815012527
19.73572871224404
20.18934840391731
18.35519826966625
17.808315682687134
18.778097641891144
17.436724125128332
19.769210223795362
20.174731508278654
16.725621294340446
17.915264047150714
18.006574832627567
19.830901578341944
18.14760054102248
18.400529686835384
18.629907420865553
17.603285399680143
18.049371962013915
18.137007538833142
17.904822935663557
17.50173025673072
18.193267180982172
19.386990123605578
18.780182426199357
20.47721735530819
18.441539573882192
17.71044841970226
17.98803815056036
19.206010543483647
18.655416507438108
18.351799712347155
17.995989169275898
18.52928807089919
18.984608149089347
18.682774558868612
17.52821105428018
18.62247034806795
17.74997607932221
17.628947596522938
21.17915880593201
17.845052848065627
20.67539720828742
16.777988443032406
18.096230647034716
18.450635430613584
18.250457628728913
18.93067474429818
17.50389165224671
18.620021269126443
18.90881156633563
18.059849215750763
19.032636094133025
18.72184649391012
19.00530123675392
19.857243918448464
19.110314070797614
20.818161821314348
17.35741194996618
18.70425295164645
19.021868174432107
19.576869583668906
17.950120169870704
17.050334645658765
19.12645632854351
19.108741954452903
17.695892066493418
19.01611009951203
19.630107993553718
18.11751877402905
18.14507180266166
19.846663275335636
18.03199162966162
16.73418604829269
17.37549110420921
19.38537979390026
18.45133186725437
18.760807826795848
20.78180471364829
17.967423837633586
18.641600588229796
15.2884993262204
17.62590899114459
18.07919865254071
17.942659791593105
17.06000656289986
19.8336192593978
19.994634838869093
16.32891701839717
18.89664680877479
18.3072693506473
18.12806430428184
18.288595547548326
16.78247465797117
18.81099794563335
19.377818287884658
17.97762542562474
18.73279700429455
18.957675752223903
19.19057158496678
18.51480245221387
19.231601602274974
18.72116086794703
17.397576549186176
18.879483768496367
18.6315049901215
19.77468507645903
17.408279032832436
18.788084214303108
18.176739130571722
19.267122570222092
20.68975870362705
17.99259622755064
18.637914463747816
18.324298338058828
19.0838408626818
18.953265612774906
19.68265187121088
18.355228061949123
18.033656981203826
18.974735332440325
18.04564297200229
17.27095800498375
18.525026719681744
18.482406455359317
17.661523179134406
19.78342609118649
20.06614117625695
17.43741203362135
19.093548563460477
18.673504865440975
18.132401540685592
19.422264233385835
19.5009089241152
19.92835183582186
17.486714222173887
20.119276878311332
18.320633417242256
18.338059384571732
19.505401049340076
18.27592185060156
16.694481949760227
19.364044899936264
16.746507262933047
17.640920400531073
16.54287152358309
18.900923738042053
18.364444211367697
20.113761858941977
17.03166250713083
17.057245692878016
18.586767364919048
19.170438882547906
18.13012512477961
15.395032119356255
19.001976709237837
19.14358118585507
18.69513766779951
19.204614018125415
16.761295741296006
18.7862320522579
19.11490010516292
18.768911327756072
20.08211945120996
19.643106029954314
16.114592477064967
18.517625537862557
19.538455813091524
17.56061440568864
17.243725904961053
18.10696031419709
18.757591250759017
18.85358174412122
19.9043035494846
17.515396946455734
19.93207234666006
18.290793788484613
19.19158191562826
19.64252509406764
17.955015396047397
18.573616935598757
19.72610897435616
17.892526899349406
19.161076958578704
18.822390982735502
17.40355472828219
20.05482447163419
17.704538055275552
18.561943161080325
19.596201124436543
21.501142302584107
16.997803118753758
16.555310364890545
17.47119907728834
17.965235773590525
20.209807098904758
18.24280142073333
18.63398658909276
18.316290956383313
16.999178313683235
17.858540757955396
19.233146647439906
18.693606266588134
17.60619086474173
18.8610206471458
20.080325484571667
18.69090832590379
19.255506673982516
17.419566416561928
18.367976125085345
18.721887158318467
17.631484485870565
17.912849837756404
20.023157322910997
17.292150920843483
17.561452055984635
18.264751043791595
20.041997018671587
17.829706730228757
20.351624886107658
19.478709706719002
18.094857714161847
18.615142333174337
18.214112189708228
19.646583174487873
19.56529179076105
18.876860527127086
19.36790719307276
18.317347230676763
17.742093848434937
18.794428555689475
19.00453504912692
16.288278441464627
18.039792696226502
19.849306518150524
18.746847625386465
18.10026040546222
20.087497998614083
17.549856601771545
19.35794916907798
19.240253761243483
17.92066141061381
18.759145451373097
17.808427789416776
19.82384785034999
19.05197825567256
17.973672147293513
18.605957496087928
17.964109778506263
20.729839914858644
18.709816232067173
17.16071849120977
18.739703740605755
18.542560933497285
18.0078810135257
17.98330351169131
19.31315471809426
17.99127835261563
19.12047175679855
18.561685619466182
17.135381445552216
17.04294872536363
19.96346038484758
19.10976770578023
18.82148168080924
19.406157541408714
17.668990665044465
18.52298720201613
20.730051502343823
18.411810418463038
17.492440978814514
16.45473722656335
18.461916050050995
20.3731731022092
18.66714460809655
18.479578569600225
18.455271209787504
17.545349229179035
19.114419612801573
18.76874344777694
17.157501845448003
18.161167507172454
19.386131027646993
18.49848684446082
18.927650809388894
18.01721726928227
20.54016771009248
19.61151971216368
17.283262922150858
18.389429352344585
18.685724856480807
17.962865929759506
18.295574520161075
17.965281387746597
17.470881122586
19.845633698593247
18.970379986643348
16.22471543754273
17.83175010243921
17.966527152899896
16.673051652435003
18.592551182224458
18.53085992861822
17.432007964885425
16.983964731844306
18.547711927296998
17.0151540602726
18.886987693351088
19.959422313946916
17.6420344445395
18.400247192208834
17.219444761576803
16.683751684569852
19.242470212353748
18.61979973158534
18.184522558106067
18.414572070775673
18.078868518432962
18.16310485794381
20.514890826378128
17.18627017476295
20.07684928684347
17.168379830120983
18.372115068426936
19.87975302319968
20.55039548981134
16.59118158806307
18.29752499594755
18.10583311499837
18.03940450453697
17.271021865566595
18.322835361817436
18.02171430138434
18.200708871906937
17.60468167162734
18.385384597173267
17.688817945117737
18.263832233657684
17.550837703487744
19.612067572445216
18.225171109587606
18.9431779908394
20.59835004870471
18.36548648184376
19.601722034501787
18.54992884751748
17.626914061886882
18.39670607415661
18.34691519400839
18.213711461710336
17.2700288317483
18.50244609291198
17.67479239832202
18.975581906177425
16.945384133878683
18.936626143830964
18.218793199979196
17.60665843300712
18.72461018000619
19.49671620352513
17.01802445021762
17.02864551094305
18.64972726859615
17.105267426306266
19.704554919942233
19.031068473057733
18.658180405071562
19.156733304992084
19.624402248709394
18.44208166733738
19.06281698748921
18.83844091966432
17.853335144606287
17.922154431328654
18.47557944674294
18.446715352714943
16.446840718109463
19.09494881226406
17.360031476857678
19.505921615670086
18.975818395112743
18.822314124300274
19.3174650437351
18.609520706376163
19.07816246125124
17.36858648131071
20.023394829825516
18.50814405200471
17.876917595248187
18.190825811417866
20.820456361905276
18.75986429560508
19.2749633152949
18.96824746451969
18.880206728609277
17.722009450045995
18.999073469140633
20.535703300606798
19.556759978880038
18.18901097521295
17.787051733141194
18.145963127482613
18.51817785636723
18.390931323593005
18.713138751851638
18.530320306127727
21.414735409027898
17.93138662295384
18.905311526671145
18.68144107637437
18.890042802245972
16.505894322306908
18.624932413447297
17.511215705259392
19.905049996179386
20.21081898339262
18.86776892346952
19.739026882898376
18.322119880527346
18.96027504023093
17.148426609232047
18.955271396155204
19.804626699445592
18.187077221184577
20.12524042240166
18.688036468155264
18.82487775999528
20.77205587660471
17.62549993318765
17.49390871142803
18.362912921415973
18.450562212318868
20.80765238795772
18.77996848465831
18.905654359078955
18.31989771791434
19.44367252691256
19.453374559540194
19.735737752982757
17.390898008070543
20.206141942501077
17.491855237802802
18.566344812683504
19.64690637148924
18.735250526692905
18.32575628340237
18.263470013647247
19.158925836162247
19.139943693503263
19.36084025614969
18.06985261835234
17.626507270930087
18.315512564337432
18.643907404931117
18.447915814988516
18.66923794039531
18.435861869649646
18.4674046945654
18.48080514927862
17.523912775836333
18.71621588810952
20.302811548227165
17.814067448358518
18.44500692566283
18.429379477930887
18.922175504308324
19.14841067821279
19.818800771378314
17.364335995032942
19.07108272366829
18.784428176646124
17.157767333260736
17.86728936491521
20.210559408296604
19.83426060221532
18.567965862260575
17.837709056100962
19.861880404071716
17.463299123074854
17.614129570978864
18.639955590042213
19.027776373624295
21.50384239793336
20.021932407366414
18.09900772084824
19.13787077450306
18.80648288759136
18.42860509429165
20.493614367350887
17.328674090433058
18.899080692956396
18.412583836019163
16.308934959875437
19.490131424043575
19.331772197016814
17.89073382566132
19.2186672597945
17.683321260077328
17.745987908804633
19.486996739429998
17.680058203119476
19.288728926818223
18.204618360195834
20.11316620921383
19.380800650450976
16.561642623339523
18.666248328107503
19.28651059031866
19.273183525437236
17.746572922646138
19.23919707362181
19.505285028996926
17.025184308199993
19.23486959553115
18.60876205795805
20.0953757858207
18.403580632728705
18.51110503159844
20.430475184814384
16.714699548529428
18.198865168799202
18.367985428669172
17.06810829331696
19.245711820619416
17.53925013763454
20.051426464294753
18.59987288971425
18.553310013826895
18.72905465065214
17.812426610964014
19.52438044321571
19.52119479601938
18.13200980285404
18.21818365615334
20.49547031839323
19.460460892864727
17.858709587498037
17.98483363690865
20.395749177863227
18.77969293762425
18.803176232368422
18.94533194242589
18.394153240605252
18.48518763599692
20.24170646376141
17.320389293204386
17.565989895057022
17.3800685238328
18.09925839361394
20.002672129221693
18.35602149366269
18.620701436323017
20.595003494764498
18.730592170105048
17.732239112682656
18.531323448899325
18.534703682303537
18.52803336687894
16.519652996053917
18.356445520728382
18.46263838176794
20.16167056085929
20.307421094125758
19.43365940243025
19.438221419788164
17.79463669613906
18.099333321803464
18.231555019170976
19.1445944056211
18.932123799630972
18.39180323621318
18.49544140822102
19.486149045506245
17.87292121650168
20.026412355010805
18.593292078439575
17.130315742517606
20.27186494410324
17.807595177401616
18.765842132838525
19.409075505778528
17.04504266951059
18.594344584882887
19.443649425474646
19.28725391240224
17.803854935901448
18.518560930055955
19.301478080211744
18.797853188777538
16.80182267405287
18.543368504264627
20.018646030504872
20.431018959980598
18.976659638783346
18.633472569688156
19.18649424355197
18.35945964219374
17.452578674958424
18.755047452496477
19.784609004674895
18.192577217823928
19.360073340471637
16.50515926879508
17.175222105630294
18.42860308840831
16.5412579920917
19.191214306412604
19.274584689407302
18.726706473656986
20.48967441721388
18.931366661676392
17.454629215401056
18.383337053152605
19.405718370059482
20.16809199229672
16.534197624964005
20.521535421599342
17.498226050489457
19.060233787775875
16.742670250568043
19.44813225821453
18.844353337519237
18.011567479547633
20.68062715762842
18.918544518002246
19.89907380919405
17.745733057885523
17.80338154084125
20.102297193931
18.537241188859213
18.82852486772063
18.82935903394021
18.393453224879348
20.074798456796835
19.147634328790108
19.026155445467996
17.278946706298516
18.761264506181856
18.739929923092713
20.141762961581172
18.41378767282421
16.864042908857236
18.089618107423025
18.804557291704732
16.928305980335086
19.332289731859756
17.537516505262538
19.409261369047034
20.85777268645191
18.112628077328836
20.12519389107069
18.33001716291771
18.103171570768527
18.04994607863045
17.894168387218734
19.143455880598463
17.81427148106704
19.751040808230382
18.31519545206672
18.58958993092408
17.157265703727017
18.47254996063396
19.284203956803115
18.179527807679364
18.41927237067252
18.552970418468966
20.135881857953812
17.095012592995033
19.039007394196148
18.433057287817526
18.32536250044031
17.11672441492728
19.96936640416327
18.556590465067973
18.035105777802045
17.54872608722417
17.67631785875645
18.828535191060553
20.267796061447477
19.00309847412467
18.096626560933633
18.504763353543368
20.347426852090567
18.438584408391453
19.11262667611315
18.220810258974833
17.271984118213574
18.192667322305187
18.480221318609704
19.216227658070366
18.454512224487072
18.58098046562316
19.041222210120054
18.998225011644156
17.856014051732167
17.80003398838145
19.111315751320085
17.88012533939146
20.490155790699095
16.547834434113085
21.044328616325718
19.634935962410818
19.186354955295663
18.144110766213213
19.955447038674244
19.669938582262418
18.892096268280568
19.39527611517255
17.924158868079417
20.065727547747922
18.65495569521565
18.2281563984516
19.587332688664738
17.982206584894474
19.457732057547236
19.36431091541638
20.383978199394072
18.610778323742192
18.64083369294899
18.231085499051016
19.79490068202418
20.609856344805202
19.010546095841935
19.03460711425727
18.56459479694637
18.06795355054247
18.741798216828055
18.841013184034473
18.980713357151465
18.20166167721139
18.70076530206202
20.078215676943504
18.043342671153283
19.06610424281409
18.707006249411997
19.557498462113813
18.60556425638276
19.29655925454627
19.087454935396128
17.28103927239922
19.071207305809683
19.311311498172067
17.924782180783634
18.441801248602502
17.880742644850155
19.656983735103882
18.960012577733323
17.073422357042794
19.539010482762443
18.648202064786165
17.274022396148123
18.07224671553421
18.23706502203974
17.716464321095263
21.355515332798372
21.24134354071221
17.76103072657952
17.693187134579084
18.598495666360265
17.979969734340457
21.433494407662952
17.4586412563308
19.94369254170786
17.809240939939723
19.408755870892016
20.060984009879995
20.419246866710967
17.567232305748753
18.8476928622125
20.05516234650195
18.728234186199536
16.9545154926715
19.35876094306431
18.495197365216843
20.155011482448003
17.337784340629923
18.710100678874827
18.855068003112635
16.38559120011167
19.195710872088835
17.53180224113646
17.200993384777117
18.06445251824225
18.2181536798309
19.935658755905976
19.150498510769
20.370523595722382
18.612352408516724
18.671538326092584
18.40677011095307
18.014755141843814
16.95124888293326
17.295662723659824
17.68310098952333
17.15802722125718
20.30132644320065
18.81877052294398
19.73541628286318
18.617525928927225
18.237750378476242
17.90398222385493
18.38588276970619
20.314556698194504
19.07554547552815
20.774896477781283
17.598028571011906
19.520124489997816
18.506278347577783
18.515935160073283
18.547705237137976
19.433168769728347
18.57144175643726
17.3100084139597
19.375357441464
17.76159091700508
17.86406215596824
19.62161226983438
18.41387995279289
18.583215799210762
16.775632407081602
19.137797166459315
18.397613630998695
17.91110033767154
20.011195210045248
18.23824652889538
20.034445308133435
18.512517244549702
17.250608920240406
17.683132046814904
19.83761030451597
17.7881839758725
18.19341708091877
18.203142594981017
16.0949992068996
18.121545604168205
19.246761040554464
19.161826119044925
20.06158205753484
18.162318800964325
19.72305465713391
19.269218605986197
18.320894367575296
17.234389509411358
19.18092607455234
18.882070912733806
19.55012511410652
18.07444072717175
17.726614834613343
17.95374156805766
19.82790023610158
18.739676691697586
18.51340343382754
19.081921100281164
19.390042742776977
18.16664008297081
17.374439325647153
19.514495283154957
17.5440646155738
18.359399749380312
21.183031250991903
19.853669022395902
19.274108461996104
19.727223893509606
17.22477710374331
18.369664478340543
18.611982875669895
19.520032898355076
19.46738126309884
18.765043542665655
18.764539701243972
18.309062569378774
19.379820353897674
18.49432387354432
20.925028413583618
18.313196277763062
19.43551801972963
17.63198241961687
18.854203015241094
17.943209750782422
19.074322273807883
18.024192786615117
18.49326322707349
18.76316322355664
17.016866588102356
18.48580226462963
19.799810602053327
18.404602332145167
19.245141218636515
17.663773492780305
19.485630785285146
18.35397022981112
20.984080943676332
19.311678332908645
17.159651986706447
17.19808954828282
19.92739969262762
18.440710259521577
20.112491099154155
18.53087240267583
18.848455997327616
17.814888103727103
18.47353715724784
17.85498270956369
19.02332583091276
18.030880733140645
17.759735214359356
17.650509963609124
19.406210311340555
19.810901243703228
18.33456771497826
19.436637992363636
21.05918466221754
19.62003606761857
19.18011280813074
18.18585685482304
17.58688654042522
18.24697124251911
20.957285019890946
18.308016827458697
18.877177730511978
19.571365600722174
17.637883235370577
18.897177086369684
19.76245250756493
17.106187738351633
18.364581571209005
18.341433667775632
19.657003577561326
20.177728771703705
20.287616724773184
19.917115081984758
17.0645738292177
18.08649332449278
19.11656684160681
17.609988977511364
20.036097887055814
18.186335658622205
19.64898750240358
19.199802876777177
19.760212734257962
15.687155961061526
18.80725701635651
18.959836959258645
18.929400365060587
19.15311238732641
18.665816591255012
18.426453820404475
18.338997465372973
18.19654621117503
18.23233064647288
18.153639947324386
16.978081431150148
19.05944555792537
20.15820489948017
20.135052874960703
18.21745788125246
17.869013180238007
19.844076160584276
18.483252667330728
18.964007300562606
18.5523458456007
18.865183073218386
20.244277194428943
18.523830545530906
19.852899259253466
18.29808161238089
18.22908205978641
19.180553902347473
17.922383946115783
17.640727408266176
17.133506322559654
19.48874819680246
18.957640204946177
18.334346591738303
19.52840058788298
18.683447437359515
18.56219037190701
18.33606888948165
18.542423059207035
17.983044478182702
17.813234825700565
17.376950689562488
20.07924472461917
18.19644874526679
18.998194525290884
18.490685068292255
18.645644363265596
20.47476177849724
17.42868654976144
19.792027940333362
19.210096399512143
18.63669210592684
18.748845681230357
18.35510491413427
16.321504668347853
18.436554907376628
19.64109731916603
18.735018276568905
16.961430610895803
20.798321115746642
19.004119382343028
17.44415946907596
17.409296424197922
18.721803271273842
19.750190862094193
17.790957523751853
20.349978377072933
19.07678242862422
17.971885441455143
18.56352118507995
17.840980256308878
19.797131784367085
17.38219529577188
19.525886917448545
20.397890281123672
17.563294268983118
18.25113937863077
17.34157933169332
19.644713763525175
18.408471715400605
17.777821921943854
19.211354838116964
16.656456110528033
17.845911857612144
18.973607128089835
17.732019991500017
19.91551212492906
16.98405357156047
18.439088371245745
20.50156115124339
18.26623787086109
19.667112385530448
17.83433593432738
18.2022420125047
18.682046962348444
17.8938889084979
18.632453956836958
17.935912283977924
20.414986337437462
19.334999573096667
18.486617410376006
17.5093855121257
21.06216796849487
18.829272424256327
18.43328048078011
16.67081281498546
19.534343795884155
19.182743853048887
16.651922540872103
18.757731736975682
17.61978766426319
18.232564827690542
19.176424437049004
18.44406706466866
17.79193942413966
17.06194451096405
18.416795412133812
19.284944009468543
18.06382599484165
18.959766932583868
18.758505172631477
16.83418845870155
18.487504451813322
18.39515402914324
20.67356957325611
18.555131092735724
19.825638027462624
19.265418026422942
17.00915400683989
20.381509694177605
18.470499418364597
17.61345347895106
19.611957008156992
16.755376497098283
19.52333010037198
18.6607156413624
16.998904719693392
19.143383181613665
18.769808956464004
19.22599774132006
19.340464880347493
18.488664566251963
18.10568391300811
18.407743226805028
19.530954333564885
17.033885653708634
19.532448517073522
18.89289887861568
17.307667821800543
18.397272299071542
18.381596018538993
17.26138893922223
18.521729732775498
19.446174110530094
16.683221474226425
16.79787387258568
18.08769765715172
19.21137538068629
18.495684183079074
16.834452882540052
18.71991842186713
19.428488460361738
20.092218974895736
19.604614432939456
16.5118660802337
18.13162104913029
19.282121960786462
17.563619296077505
17.685720217818357
18.337557392663545
19.287301478708184
19.177764210793885
17.308419255507538
19.862306302292126
19.6861340872709
20.190524427390518
18.117675447259494
18.080739252732645
18.943690857173877
18.00848940641118
17.44078513656134
18.246350063869787
16.384418571548977
18.82029018761722
19.690425205856208
19.996429822391196
18.555030144248168
18.926524037889155
18.06826615336371
19.582518251463934
17.381731825181273
16.822327063388006
19.118557396093053
18.28490051386469
18.799928670796525
19.289006101806834
17.30849060187479
18.062292870496037
19.823511926931218
18.384966915365094
18.305910800860246
19.97326362933509
17.487477468912086
19.267211532581044
20.639026901905986
18.083274101171604
19.69800035467264
16.92561584762494
17.977084043961394
18.86276837255786
18.857234151115705
19.075130060649336
18.108094180574064
17.587688481103843
18.092687461816055
18.4569760306664
18.660527021926804
18.45941169904104
18.581470034844553
17.883250692845948
17.52557110053844
19.088719259511322
20.079202805379044
19.105627950594535
17.486040669235834
16.964486016280595
18.480228636828393
19.127366382673166
19.43645150615154
18.187483306412467
18.91582016009416
18.004411065655965
18.727060437375666
18.683455303010923
17.796878720389525
18.356187275664883
18.493873272215613
18.3375655173564
17.90581181835809
17.275413472809294
19.224260421322523
17.964478566128577
19.485548874816285
18.612801248620137
17.09099816568154
18.8280675443152
20.013510403318715
18.258557253073008
20.545501798768175
19.16505835192709
18.613676601393543
19.07954461262242
19.280451794316694
16.101785593481125
18.550419792983867
16.70924170825532
19.08266978809597
16.241675742762617
18.648026582576442
19.528495727555025
17.91982036763132
16.453938770406182
18.986601473131323
17.070240724182327
19.90302914830916
19.611674222833695
18.547764687705932
20.141649107420367
18.721813132711844
17.98715930485052
18.255577570480717
19.61574917497604
18.72829922682051
17.44557647505497
18.891073088719004
19.612604228642493
19.86098434207427
18.164878202579697
18.941492591127957
18.888054918739805
19.328019342558676
18.242252754552908
17.75955948776625
17.936322643679762
17.86373120304531
20.6836397543277
18.603323011140496
18.779813956957987
18.18853616499621
17.97971899623651
17.736245373667835
20.088553781621712
19.70109004169746
20.25916788525727
19.127044446177496
17.73682262328164
19.742861669793275
17.836990007640097
19.34554702610971
19.390642680846156
17.99313873121946
17.13791861397411
17.10475291611688
19.34170197801304
18.56671466970839
17.173803231817537
18.01845119207243
18.51529623071903
18.719307153052593
19.222987327238883
17.717920238917234
19.665259825118408
18.924681978970924
19.272180663237652
18.00158556601119
20.468807015669412
18.582969205194953
21.230759287732162
19.750081516623837
18.720252475463287
17.27663822818529
18.7839012543647
18.367159524282883
18.1817613247518
19.205893393048868
17.539737514431447
17.545325782724735
18.162137729729828
19.735068638474722
18.677763197580898
18.6500937420601
18.870153691169
20.816275758671654
17.832094564177858
19.382843168264653
20.00242125363073
17.97811555904953
16.89488819612038
21.64856718306607
18.893374164959475
18.831940737300304
18.564297267594906
16.819051535422993
18.609495432217763
19.667132044695887
19.65749654319522
19.20469301060293
19.28933458079535
17.554966319476694
18.754192917625115
19.00372273365238
20.100201691526014
17.03952721427939
18.94730820471953
17.925883975397316
19.84859826993356
18.509058957890943
18.867314071982257
18.974585437336632
20.844077074128595
17.267566881601436
19.16537051493469
18.201146835297216
18.89825116650286
17.41952486561474
20.136474580807455
18.87332876304742
17.081662095474904
17.246341480626917
18.755331129281085
18.40916151948386
18.556617282749325
17.87065674508664
18.863877171136952
19.32965725419917
19.23084009448743
19.89515683128019
19.472586911954632
19.115720407780373
20.32565947465574
17.62629534654413
17.35953177720262
17.36081021305992
18.882275149907198
19.183109869870446
20.60097807313758
16.925082132425448
19.585154501528176
19.014327808840775
19.030859383745256
17.766209538983418
18.498245786632236
19.165933908331578
18.21195318489005
17.741029439719448
19.537252834088072
19.412535090111803
18.876797826526218
18.187640471097698
19.562291714144255
19.357094708383997
17.956398579500497
17.08705794352312
18.10609964558385
18.533845585423514
17.707474757329138
18.620599229289713
19.5059131578458
18.794551299542785
20.23398049464288
19.655143880061658
19.23435301520024
19.84073522452736
19.11021772214155
19.036045600502966
19.574651912325912
20.402088317866568
17.415795183130285
18.28015166676789
17.37246609332612
20.597002424152695
17.418586788268595
18.563018527025267
18.26891686906248
19.857198085565024
17.2449228221808
18.352276041195992
18.985537274048376
19.143419204344838
18.383412394013455
17.78539904411337
18.166047683322606
19.55581653409328
17.98389312318391
21.435456328642083
19.019900772717495
19.480822832250972
19.253119849460706
19.132814994241716
18.564615215546162
16.82667802974364
18.63112764549527
17.88975797833998
19.162103661648764
18.927716181827346
19.667839158151295
16.80727160049533
17.31495298993351
19.304179418066084
16.43513180785872
20.281349531969436
19.06775087008108
17.157803551166648
20.082649407650536
17.92861508340656
19.435086420446012
17.51581130890795
18.075812989808824
16.48832349963018
18.28791066652088
17.94770284016222
17.533943689760815
17.52880959598553
17.120768712022674
17.471845496724743
20.03320599733687
17.64983448814257
18.75971709145848
19.008634938282164
17.408761880874923
20.337203172065983
19.453943395947196
17.428049329657703
19.07215241969048
20.228794760484853
18.96347249300311
18.322623701951617
18.471629373424005
18.811096410872597
20.174276049778104
19.57629520625807
18.556558340627916
17.5682698087845
19.22143320261098
18.853715084796914
19.386952174953922
19.907448638982636
17.682338232520603
18.04995122789151
18.00656404795634
17.630134587783598
21.0094109439081
19.598587472276936
19.573288328015497
18.28538889699681
18.772465803533905
18.14619670926506
18.8331865291629
16.597732909631656
19.213453810501797
18.36223130201726
18.948748576888914
18.134970096297995
18.884313700987814
18.616405485008777
17.97742325028227
18.628432125021305
18.717782643785384
19.067790830519296
18.626607171351974
17.078397347565648
20.11249714717514
17.438130754631985
18.32105799502245
18.438448151776544
19.01054141992473
19.340515996389097
17.970707077126182
19.511332758233667
18.53218805642096
18.568602797472447
19.695690779004483
19.22925973333362
19.85964729529781
17.988558945622465
15.487730467311067
19.358691315181417
18.295612264898324
19.043638271153164
18.796511416899442
19.893697010265925
17.93042557534509
18.97443774758737
18.71337566437573
19.72044679683041
17.789640475366046
17.617489978265393
18.509440996280034
17.344756875699296
18.653146156037483
19.757559989902877
17.28810480374439
18.327572073860605
18.152124314605917
17.62637929672836
17.932761717541137
17.262496669179907
18.088754136145084
16.72226847089486
18.006100066280165
19.09763241881384
19.63465402471357
20.788913488451264
19.432132459201323
18.11794112697848
17.84327422391995
17.62962516857947
19.218076135971195
17.48189286305614
18.451402743600188
19.957917424971534
19.2655819403225
19.161614318336476
16.29194214102538
19.044965155216072
19.08411290881174
18.690049461081752
19.689897944562457
18.040509823170268
19.32819077246534
20.81242920274859
18.39623986397902
17.85618772356348
19.953546714816717
19.58976827851816
18.013793397492694
18.385735974944634
20.60367713607971
18.62592971942545
18.74937828235528
19.37096656293587
18.217771818517907
18.907935734349888
19.10211222498296
19.19560623110275
20.597520083074283
19.023054477164802
19.27191420428825
20.65282467537281
17.338065745707674
18.572279715916082
19.245795689194786
17.66178227856797
18.406096772673624
19.942798633555416
19.421520622935915
19.180557225177864
18.748482654533895
18.63391336620536
17.85692717690029
17.980623097350804
18.187143133957182
18.17364982237488
19.34463682859367
18.317871749453676
16.978986586687352
17.240745245412448
17.434905649084513
18.349836205897404
18.53711448351104
19.4530855954865
20.120870858852335
19.46760964222482
16.95839124465132
19.663169619283742
18.76105546041571
21.103444444646676
19.56019283242449
18.957857360994808
18.407406843991833
19.29206080934019
17.99409893294109
16.37864993977206
20.33924843543501
17.62101744718134
19.6100223405678
18.576095700802735
18.947476195639727
17.781866805870774
16.554749596787595
18.23391034476742
17.938585591873974
19.205642960056316
18.009435760080166
17.557568644289002
18.837281507039904
18.331214294383607
20.22999958615048
18.916996844609272
20.278620097791507
20.277041117767904
17.7115582077276
19.802488637364423
18.70602316819699
17.038415792567413
20.26755059310376
17.1579281789351
19.313881591073063
19.57341764495923
19.913722104988103
19.128245886981702
17.943947983932276
20.28499462932087
17.611085118135605
18.530393310240182
19.288490714716502
19.577214201830703
18.006462568013227
14.39970063884882
22.298663957739908
20.022776248905224
17.257781237201986
18.17799190609857
19.855646692747943
19.764428263409194
19.698723035347555
18.41315422405852
17.678246141789113
19.489163277105337
17.637673772063025
20.11858407514385
20.442936286626637
19.982269221270702
18.424094618129974
19.11805100816459
16.708180456589904
18.655587219685994
19.438892472050618
19.112406212002757
18.5639315684131
18.758019829414863
20.15771408433522
18.0758176134405
19.31344851499649
18.4948123782107
18.29802985938796
18.3010963832888
16.374066631996282
17.319070297908848
17.8920635819611
18.998140650221405
19.287933474568646
20.1744683589602
18.981881782749713
18.833247156796055
18.80716230536204
20.59239890612281
19.91761985381765
16.40923297434117
18.48848940085343
18.490027265817435
18.89781122676388
20.20720911082327
16.877192444111472
17.4279617092621
17.13982655977719
18.046339015380177
19.609290510787076
19.292345044418003
17.537261872383727
19.63225458377891
19.310563851990512
18.494718328632878
19.575535291962385
18.61503270584121
19.031919581826276
18.151208630822833
16.62842994071223
17.995543814734038
19.623696788380254
19.708341180454614
18.49649282876072
18.221308777493835
18.827015720567125
19.54562690899052
19.631163881383006
18.19260030149644
17.23341662871766
18.27893730870659
17.853991789937172
18.539526611868183
19.954165873217118
17.417016434316434
16.882607894536612
19.646236134367317
19.033586827058183
19.724336524993593
18.372525259656033
16.974046361528693
16.531734711454295
18.74285899127875
17.696147337715267
18.08872020044769
19.469695862717643
20.240813344260207
19.374596232572546
18.29117490538619
18.254647314857394
18.352801766863546
18.030883722979784
19.718351966245713
17.496069855525207
19.011085708564053
18.87764267095911
17.606059541235673
18.24291967932126
18.01989883313932
18.683351659234383
18.2996119625642
18.371448902366552
18.24320224040864
20.6365898220326
20.334841552034195
17.666575027812712
19.016492429666403
20.24311933540616
19.028591394396102
20.09301583321117
18.67245323218017
18.061193236356658
18.739484060769794
17.324067885427176
17.626174043376796
20.125825823170842
17.524650784247903
15.900431147133485
18.572003113431656
17.53862455066548
19.63207172133516
17.005420605219616
18.258675701534067
18.384789459731255
20.073573060612887
18.60426755035865
19.534809290025613
18.690912942501026
16.30194569900727
20.07852624474368
18.791027290794307
18.038447994945486
18.26999755944936
18.21485969858689
19.762921736709902
17.71799830159623
17.788068687391192
18.28491881604126
20.70789328189634
18.71541457701374
17.631342961368816
19.80270851365271
16.725302246030385
20.3477185686027
18.996968350991054
18.712183713956453
18.321426097845354
17.549588486951833
18.13139606634766
18.930470550977937
20.312349889441066
16.98399098280278
17.704997356049205
17.237245771175314
18.144960164082597
16.865650730441768
16.827719310831586
18.4475895082141
16.637068370721696
17.95835217364486
18.16318978857493
17.81797690566596
18.104451955242215
18.69716767001271
17.03936700621899
18.183533406258682
16.928635138389613
17.95776584172519
17.662437643075513
18.43385977781206
17.432282086740372
17.23774504677073
19.2814900111113
17.58181809539313
18.41987364160645
17.868492328367896
19.584192691761263
19.653121601725548
19.801085939741107
17.48467972619408
19.409390548565476
17.338263031150465
20.65968844131549
16.73468972804898
18.900181787968066
18.164385568785658
19.171251235524238
18.048513141701758
16.944352104269363
19.55492764886425
19.76029798875877
17.60499038835026
19.349914373268692
18.982468161853006
17.64641786982688
17.081173159170174
17.684228031288566
19.005054593244605
19.552853799122538
17.607401875871332
18.538528099992973
18.31593733955251
19.845381904768935
17.312230133091504
19.32089980787531
18.83535018903843
18.576045780874246
19.56898903775595
17.877229776591612
17.562220375190897
18.130016179239725
19.76875423873609
17.667760485679615
20.763252320320134
18.340713276565232
18.292456792084124
20.234523015323397
19.37422996776867
19.37879879611161
18.031766091554783
18.203142662220497
19.03756919659924
17.744629218895152
19.269487287275837
18.396410427154365
17.673107720827392
18.250056272512854
17.77359280934879
19.387433970898723
19.99189585581871
17.71979400450552
19.246707488206134
17.16226858530436
18.36310680654381
19.033794390968914
16.185235546954235
20.336633386546236
17.296715213274567
18.038813352588335
19.58035154459408
18.44964661820977
19.084898885934386
18.083101736037303
18.1449162014194
18.46102081486632
18.63991622628226
19.053008521175787
19.977376733754404
15.961129116955252
18.819476144180108
18.314666253044482
18.943690111930405
18.92341834500387
17.02113392641139
17.988854501423695
18.941312237694405
20.78224602446782
19.011355529594706
17.37439150934607
18.860876751432905
18.85096430396457
18.24317565247464
19.905986525906354
18.11682053608765
16.926598346675387
19.351277810330913
18.48769624920598
17.206240279250355
16.553085942794024
16.843966793710187
18.707321161800976
18.388393543532946
18.498197079244736
18.146508306316008
17.105404641792017
18.30429960013942
18.47783696054308
18.404114884463024
19.292187735584502
17.67698728186713
17.791792157660417
19.35853881420617
