22.15704804200453
24.68374495924484
26.244421606496587
25.33397174765675
25.03549025598877
23.737081467713246
23.2344128607648
27.383143872335317
28.772181931856373
24.636383736820942
20.262490946352912
29.37807183541808
27.95868911015629
25.14210464158316
20.72353005310052
26.096027298686515
28.781557669830864
23.40198217233449
19.398382087309468
24.97632896593148
27.148872928778278
26.057838215229772
26.7473036634145
26.022948714757334
23.28908348019945
25.16493027607483
25.607629676619606
18.524773998173966
30.496725581996177
24.625353002746092
26.378939348267057
27.404106942545337
24.671271229443
23.90923514876197
28.945039903042247
27.288278773755813
23.65817177040741
25.869749350086984
25.20348921239144
24.014803670547476
24.926342078116363
28.985453571016418
28.722802870705674
28.088556025785742
25.95550244552113
24.52585063377085
26.027335388311247
25.117920383494084
22.79866885542716
22.149819412312254
26.250542815092672
28.603836088433233
23.75782929158621
26.67558943316263
23.61466548967264
30.26321448307736
28.154750714625965
26.724163379332673
21.66464677861719
22.863104804336388
24.029131862142936
27.5243910780713
26.081751902528467
28.768711904445563
27.173395692201293
26.422064526102467
25.950276694716162
25.19280380190266
25.14016219730111
24.676184947064726
27.07560512945246
24.985033788062054
23.992619597444595
28.242977432830955
25.442248293047275
26.47137366378886
19.618166155041834
26.41079215130962
29.81823336335258
25.96226957564328
29.599296751320473
19.55694777415622
26.102897320747626
25.717952799794666
23.61496048017459
23.2860170317094
24.414074886379016
24.910518657916658
25.006896393726606
25.29051924906085
30.97660796404059
26.009933067255105
24.49217848635638
26.424823934505152
27.396896955401925
20.428251935189127
28.62774031710033
24.768871860471506
27.50960662013047
25.860977446498023
26.316277386131897
25.461007599268772
24.493249276797272
26.692588720668688
27.671397189506326
23.47493993254995
19.574365662608194
21.514087889258917
24.44071183273939
22.28596586680398
21.663671642594085
23.077527092304738
21.67597195580544
29.590643380086796
28.240240059433308
27.777185814531233
26.852678273213513
25.69559762386781
24.72892150156516
26.379875238358963
24.505951915134116
23.716444687165456
28.142430593364065
23.11666442402342
22.919398044197024
27.874020619865522
22.42926615312536
28.450075878352735
25.405461270646
21.34099347451287
26.937583307557354
27.298907733797698
25.547143163112484
22.77273197039444
26.442997242503093
23.15538484696859
28.612668233265605
26.28949600144774
25.27386453374434
21.298229128834897
27.830374369419864
27.039872883197475
28.070122984856102
23.218260680480476
22.94079804369486
22.21730730399206
26.12552329566109
24.759581296509808
21.93091605330524
22.83976594845814
29.756582004192175
25.60684966518263
26.883709894939706
28.349039340169963
23.84990188398667
26.204072224571213
26.281262907102246
29.99858206868473
24.260102573491956
26.617035158934826
24.862648577998154
23.637792878577297
24.46318577974995
30.177370192595202
23.581444376630127
26.99680736757379
24.142231946571734
20.498882870712666
25.606086292479816
23.82226076973842
23.68524656625064
24.88308319495425
27.25210383130054
29.56098297167774
27.034237076479055
24.38550385662487
21.64402635241626
20.633320581112432
27.625396602103937
24.227402142558955
25.039267791677993
26.22088376201645
21.58185908887543
24.197714230499614
21.313784936048236
19.54672074670471
23.465330589520086
25.32645260224285
23.073062674112826
20.46028963015152
27.58544067960804
25.25068327039257
22.09078492681555
20.304894337530648
25.81445313535106
27.631671183211868
25.333509295451726
22.44176801346512
28.600276724203823
24.342647790222582
26.838944681344103
24.57656840192702
25.741437002869137
28.998080295183808
26.4027316917472
28.93211992407101
25.77833939007635
24.879804179854705
25.411374046302882
24.93723036825597
23.205356011028083
22.384970061337185
25.277968370965137
23.045043898040056
24.817216483098196
21.243908955437874
26.57219904654624
27.73797985777203
27.558149628308875
24.046056351070774
23.168126812817853
26.920399411738007
25.18749697707451
26.241478149685395
25.273858233976878
29.436501861009358
26.548530207864854
24.224547654971005
22.716938325288577
24.241545764438627
23.746641576799746
21.60415634264094
25.069323098048226
20.70943807136513
28.847162627922934
20.4790132593734
20.386534994815566
24.008088979726306
24.434971190214043
20.970464916484065
31.60193728475141
23.065386855343178
23.491821030361105
23.913637733752008
22.465285185361786
20.548800509379237
21.965172394109
25.07660698428739
22.14828431317977
24.2197255603816
24.319232783022013
28.836714221856223
26.130321474435757
20.566389452289567
23.99508180911518
29.00445356963553
24.435362121004264
20.353197240564125
28.331297389420108
21.56294095685975
23.742066625924128
22.42031591551779
27.3713447917118
25.392727419086977
21.793930718047836
24.617777053096493
26.590483515231043
22.57089124659987
19.740536865962067
28.370299295973243
26.19898652329617
28.429361180574457
29.80023136995936
27.149962845491352
28.927739154116423
24.431617266894378
20.721836348569234
27.405625952203938
26.907465777813517
23.251019002046867
27.740454996974652
26.19826520804812
25.222854133555263
24.57907578173687
29.098723020155102
24.54472289924646
25.59799127699885
28.745188897350335
27.991856233318373
26.116874692926228
19.137928942021976
22.055208271772432
25.26942185979288
24.903292270922314
24.908048442056916
25.593924637402083
24.87889871326605
26.818176342438292
23.752489778883184
31.24800191759936
22.6743240080642
28.912436152004815
24.895256758338352
27.873277232116187
22.631943147010368
27.57513874648654
23.36950095841744
26.484638441005394
21.450648255499665
22.83373045235231
28.015168204125427
27.500333150772693
25.891745443855616
28.28382869816917
21.793127424030896
27.45373091177305
23.444032823260947
29.624184281948327
20.977915873546927
28.003011146886514
27.34810220993254
21.157296821213688
24.331119195251176
27.0983547791512
23.000908835506863
26.15490171770764
26.2347186228748
24.815323878710537
25.621350317990363
27.716346269748232
22.699382763427778
23.935768873657906
24.931590007173263
28.404162119151657
21.706555779744427
22.45423897782036
24.50420060261754
25.951451584506042
21.99016027628422
19.405649824348213
30.238235122397963
25.08534913773216
26.930966281280668
24.402931766216504
27.779572017333024
24.266929593984287
24.928391668193427
24.73903259972349
24.243255202770403
24.763577191343806
22.935959150200134
25.922446358354758
24.88975031847211
28.54419747659717
24.58690337993156
28.02154287533751
28.938889863775827
21.861939137183644
30.74535228106036
28.254296338136356
23.80372241728344
27.6829211323732
25.637524441954017
24.596861372536793
26.765095679061112
24.490025417344626
27.02528577712322
26.566401226955154
30.079393710367377
19.15594429353717
26.247436908903307
25.866039703300647
23.583363443847595
25.094744054716365
21.934370390109603
23.389001319763132
26.874992377613577
24.228019461229266
27.415435083403718
23.163927428263037
32.833873170907836
27.327281177085876
22.929096469048716
23.58085429815153
25.084057372908653
24.519043099920612
27.08952444237089
23.968410364352035
22.135821119294736
26.066164945798622
27.507959013668813
23.722449597921376
27.995820895161046
31.10242387655399
25.82466915760937
23.200191255159112
20.843232967079437
24.962395464407628
26.638598773313245
23.818002795381087
24.850567209741907
19.094950927294352
29.837434051288998
27.625183820348035
25.5335074751723
28.271846672686273
24.127067685193364
24.00722928001
24.631020990811987
21.579893550527302
26.828640970893577
24.212451282131095
27.39326301383467
22.580328474968397
22.675639717382502
22.487578022572073
20.282266740743076
21.94249989444611
24.59098444413602
24.72303052727755
23.654911842072845
22.80124940248917
27.63659106880162
28.2491596431268
24.08969333428101
28.305787877485358
23.352689432701013
25.330187496944557
27.345102740021893
22.367284021093226
24.347362622602
25.8017875805922
24.623886928358914
25.963969775228147
22.326103459701343
19.23342635988238
26.616571024909003
25.658254007360096
23.282283075526824
23.62735163340489
27.51986183893987
27.007050235719795
24.354004738938848
23.88736723743964
24.871336785752536
23.330253015906916
29.4235307394934
26.9359570096375
26.628515170682313
27.0806043575348
26.42369742471252
24.872872600240015
23.732876351680385
25.85093406948698
22.587239567649025
29.02883928895104
21.465926216080486
25.16687626400417
30.630393613200138
22.449154673377482
21.72496288687385
27.169376944725197
25.904985662991958
22.960596458846023
26.260319495826046
26.213403183730467
25.208066348648895
25.087076730154966
24.922550887200938
26.136913508221333
24.46798404662867
22.0090120135471
23.495476293014317
25.658763054347943
24.81815823996336
26.266010253920985
29.604253153931012
25.791484800306865
26.82263825532205
24.031310299881028
25.39749883018686
27.009304678139713
24.3935402378437
28.77962822039896
23.464456329093363
27.789378365004623
24.452747920340677
26.370353381027762
25.856146858036787
25.020892743060486
26.40970470775209
21.31337010766213
26.816291252872393
26.74849376002395
29.839619202565995
25.357873431047327
22.836714848335188
25.69547377188361
28.41303238631997
29.4316333644418
28.945193545653925
24.08253130038215
24.949233892168554
23.2042050447167
24.77309045884679
20.14073847524878
25.405237125115775
26.084169282863417
29.339938840516677
23.073488618375134
22.942800061153015
22.64767682476397
22.927350826182867
23.951092475071974
23.753317078001036
25.45420645169022
26.285249018135012
26.48066186648228
27.15066632329172
25.52291437663153
22.370761653933872
25.400747590573037
26.899458850611673
27.99587511330746
22.658263532855198
27.62563065391503
26.863057791917228
24.59090777984988
27.55234705302375
19.493742647021698
21.652485333768063
24.681979641727136
25.049931223522712
23.204610047179838
20.867665415994157
23.393421313275056
23.16458444310664
25.369833862886058
25.671165085224416
25.09828713619134
27.47855525707434
23.468463304911587
22.304271599258218
27.0197948284525
26.947731207980862
19.685028246476715
28.714734747701407
26.472753337333813
26.90060514634127
23.94478192449718
27.21307314437146
27.70003907689503
21.73946333437433
23.40027848911557
30.54409164276578
22.813352755636984
24.095645973111544
22.359307887062904
23.2863728320162
23.173930620026276
23.93083474289903
24.82304798575586
26.25382181558934
21.33148211732698
24.69353508718473
22.413579060349672
20.85116258950021
29.192853407467286
24.38557992720982
22.194460835285337
25.023666987850827
26.08988118944605
27.17891071174771
23.75366441545681
25.19280676329246
23.290425681179965
24.05706023685826
24.991910931970814
25.33650531261722
24.361700701966708
26.074909853071453
26.060381284661396
29.45086476349635
27.342000967604704
24.448271705446697
26.816993635257443
25.64019333199264
27.071629532184463
28.64922860881307
21.226749338222486
22.874915137886166
27.17185574083237
25.90991436299024
23.24315967121398
26.33124698714201
29.572938099408653
25.98210857366046
27.651778716555054
29.393695338789005
25.934382968439184
24.43787295826923
23.005374618644122
23.34033702702166
24.609003106385202
25.152874139390025
27.55550872786946
26.18515369807693
23.379868126505414
23.79981123493004
22.542058091257623
27.092274088965137
22.821193837576793
25.953414074239543
22.310596442026696
28.359921571241355
23.832569626776845
23.642062962621043
23.364375135536083
22.829930179130177
29.723187664319422
29.483950581470566
25.716403975500224
24.954250507281255
23.182192069763328
24.308683065890044
25.002071073591384
25.133989119635917
30.806538747225932
23.847175946178844
28.30656725299797
21.756030900019084
25.166323182256015
24.950131696664762
23.49916170904161
22.99273250146219
26.409328979735026
28.434553180634165
26.91203899110691
28.260185859364654
26.847199527040072
26.56183830139499
21.136470267361112
27.780964303945943
26.877568921606752
27.98619953044754
21.384147625983957
25.056274673783996
28.89550707409689
25.949780791119906
24.472837958204764
25.322586592071943
27.074615131803984
27.543709442180752
22.188268262912224
27.456928379141843
25.037240633615916
25.299646820389317
26.976701999143163
31.48650161444798
20.471989126595275
19.83180706643778
27.817111627554336
28.229930074214952
23.612430346566338
30.725922697623414
25.954241036132515
26.989545349128036
26.525329818922177
28.965070998025794
25.600958399217472
25.934463802327524
28.281070437784628
23.481804350508515
25.832363343341115
25.110159061290233
24.372050519005185
29.382574940443604
23.70635098156515
23.287944054992785
23.65278445709931
24.100756408973616
24.686114089948465
23.7967837292718
28.71595399073297
22.961647294552247
23.660540110304076
21.767929912587853
29.596847385078792
20.961090446098915
22.196489061733693
20.932671763907546
20.56451433537962
23.258463963610968
21.602330146438362
26.816053653658923
20.676317374591854
24.978612654677168
29.03069791569159
25.588454092109174
24.501325978386202
21.774247419473927
27.41277712787292
28.43432652561195
23.320229201514564
24.529934622851663
26.349177719049685
22.19127537057482
22.186402285736087
29.20578642477093
23.234647715527394
23.600313684055298
27.46789906719825
23.180881030520098
27.745656667825177
22.36473344121964
23.707683791601116
24.82266508441516
21.64873071632354
28.273348350876894
20.68649385877514
26.907670180808132
30.253887872685194
28.02235400670193
23.76867683603565
29.076925964885422
22.521448245104615
23.64756392055243
23.043267163694054
25.373719458250694
22.521081223735287
25.76938083721342
25.217489156649773
25.63209797750267
23.958665697864802
25.090895618048954
27.081288800367204
26.237570196913545
22.484644405397976
26.054020249950273
22.83061348412278
26.407100578900717
22.995607872003717
23.650628740940263
25.736399226724497
23.085582564116738
27.168003083930863
26.346798917577182
26.157604977106978
24.422906026727354
26.312746619576338
27.115862514225434
20.973254342300812
29.278760342355028
25.243337387052115
26.82936992653372
25.97245914837995
28.348745197247236
25.77666806058308
27.609636230636415
26.63017611453525
22.78670100779935
25.977353283113978
27.605264144450796
25.811081447298154
24.5717811139885
23.13730288352619
27.545448265937594
23.334283156075866
25.93536976999364
26.025214637609622
20.945526770259526
26.542446912508904
25.57078316664553
26.094927401251347
26.666088263332266
25.491502859605532
21.97844965768965
26.690707072554975
22.768855874888384
29.97434334453099
18.829332870730305
25.67782840563939
23.17526875750422
23.465898758519682
26.029635784215515
31.814605758000575
19.629571532485517
23.492204620441132
26.39383265475557
21.837484166469977
18.64893691326183
25.518622368668737
28.975844245458998
25.062875441208636
27.86383284948913
31.81179685993716
28.264286371127504
20.020471094799326
25.269602853651698
22.462774097530634
25.884493250125956
22.120380557120285
23.708608396950858
27.515435947739626
22.103418299334294
27.25943738469918
21.710219001009904
26.1809934199474
26.304913097737554
31.522655148548846
24.468223418815008
30.841487317932874
20.847553688177875
20.837694783407432
27.343327564534093
26.757800084044945
23.580486226428242
28.77866464162305
25.3611543284597
23.44223342960189
24.171314739249837
24.342075871706818
25.551092693323287
28.466328022343383
22.527779940860206
25.406816780582197
27.737468490193482
24.513251582962443
20.642556256570927
26.60445490827619
22.78015110889158
25.73397034923237
17.80959382181873
24.124479951842126
25.722907217951278
22.96892207238828
21.971279898511977
26.44362378722882
27.68694267886906
26.193843512270384
22.97750173268738
21.65616688894422
22.153413133150252
21.415134332022998
29.314010867645717
24.334779240263146
27.195216674395642
22.3208708610329
23.043210924548465
29.700055566760025
26.870045884024023
30.74825439079191
26.273682216377928
26.03316123741193
25.09183067491251
21.997147940182096
23.759624928945065
26.86181301323189
27.471961835262015
24.606812813496706
27.272826020862592
28.290227382594026
24.617119806290653
24.952425497818357
24.169671300648645
24.926346031753553
28.02520172315424
25.174462722761216
26.73870119450967
25.920293375225985
23.00679158743218
18.83383608079283
28.048653261953845
22.977127047524558
22.801093667088676
24.430358024084402
26.754924614938282
22.976353509341607
20.75791343604814
24.160416937503296
30.790473321047013
22.872416380146138
22.11584366324873
19.26340737541841
29.619562033922364
23.850915523831898
24.881916778916487
28.220277961194068
25.233384463777508
25.0621036107026
27.833041294430767
24.000800898031283
25.194930234081582
19.685026309313027
26.401909788245753
24.454706867297823
26.916017375535986
23.788220392898495
26.79415367225886
24.20180129540461
22.829948214704963
29.856072213060788
28.711033304581775
25.455832187520326
24.57846243248698
27.012800887827765
26.26626762002895
20.448020526866472
26.4556119340926
23.197534081759244
25.4186578839659
22.64845721462614
28.120527960686267
23.98350830162602
23.029386579547328
25.18350710428419
22.032576458117802
30.414177771225336
23.899072830448148
27.333352799033864
25.296870399313903
25.73487072202667
27.94622438549999
27.832843226342767
25.008787921317776
28.832515772521013
23.26398999995839
23.167202167468666
25.13297164444239
24.243282364762663
24.012033081697663
25.530758871845716
28.751842156338427
28.601513148543997
21.903150606545605
24.724141314236146
23.296196950130277
23.599645296244297
23.15736361133529
25.381698497686827
24.5112568233634
26.20386678952414
25.037080470810793
27.70817334708211
26.375826039898726
26.04223076567472
25.920242755001794
27.57363399863817
28.799736859891148
23.0924008715109
24.554741917179808
26.30176978119138
25.88914715093608
24.850003583577728
25.498981915566507
23.215846508071685
25.860619822428546
20.63828136410041
23.833713629908313
25.6871493537369
25.633249438769408
24.723823046703835
26.62172598132901
27.45304009083859
25.473304180182755
27.997642368577203
24.918829316155957
26.03103713466909
24.93121363517103
27.457561455237652
26.442628120741748
24.964796113908495
26.009258765615435
29.977339110404344
26.180381840678955
24.58751530780576
25.762994772368632
23.25487342227285
30.554261501311633
23.18184356612586
20.57119435845774
23.481571213991515
19.591384164891934
26.927249008858656
23.187665231613632
24.08285198721679
23.513976795516
22.832027913081234
22.508922054111135
27.245884512729518
29.879801905005124
26.681889838019025
23.14219408288667
24.538386742780833
26.821965351647048
19.302662144109473
28.409053033752837
23.347221770939047
20.35624558388647
28.41567757537988
17.354641293551893
17.899941077112032
19.47387193677146
18.24285229988522
17.209292277268418
18.113221521075744
16.940785636024195
18.68540910733805
18.348356563955985
19.104097144888765
18.687590137018397
19.123993794960736
18.445400930440904
17.52690286777645
19.2983827598067
17.16165266763261
18.754490793887854
18.809067792793183
18.866497063376436
18.7711662043295
17.911212926953922
20.62862025841199
18.85656385881406
19.40703885680213
20.40825312769398
19.092435999426048
20.17514526221688
19.286839008559205
17.165647272621147
18.06526813245705
20.357947394848765
18.133754471979856
20.138179639421242
17.512973278765415
19.728163600881928
18.44422395834698
18.131825265010423
19.51729009265993
18.75097804030337
18.172524412264114
17.804072548568918
18.08858231267039
19.5598566790691
17.900182469266937
18.954811900217457
18.605184652244418
19.3141675596588
18.709814885028177
18.867161382518034
19.301866043848843
16.68087370563907
19.66608227006247
20.698936312304273
18.726970795552955
17.679018794534635
19.67555201745082
18.405193430861665
17.82921036632711
19.086901126364477
20.559911477572836
18.703870598262075
19.11009159233629
18.538416333057256
19.17200748643177
19.520644508867147
17.11604974463619
19.121014028986895
18.340336210123503
18.820596206570453
19.043740243523796
18.3031300512053
19.65449876782866
18.826848467759547
18.5553413073922
19.32313904083715
17.882177080488006
19.279088476430484
18.8987338596318
19.962161644174373
18.933509926458928
19.283899337524996
20.23147077454996
18.64175686396255
18.35369217122293
18.785066414469824
17.748780008529977
19.961091534820046
19.131658568473178
20.243203928364753
18.851057716211802
17.200892971730205
18.22590453347876
18.327331371672372
18.672893920469082
17.368666473509663
18.418786417231672
18.714908199772676
17.93135479108236
18.086352613584896
17.563950469046972
17.673823400606043
19.230815340457898
20.1076852634384
18.626095153863115
17.369775400146125
20.47450340357112
18.988357283590396
17.403713370036385
18.158563977772914
17.45139552800465
18.77515307950991
19.454156921664996
19.693960118623483
18.36084391736624
17.631510564576203
19.56380423985147
19.148581219940656
19.768700151571537
17.393411645304376
19.79696707901924
16.62703884856425
20.26067296836395
17.690971163956544
17.410951753065543
18.723743612428418
18.895518383014284
19.28068909175455
17.511394741815344
19.95967298276488
18.03353596675019
17.54162662621295
18.12199272125917
18.05364926481682
19.285750039451827
18.284832385102003
19.408249961162294
18.541527769751177
17.92520232831076
18.404110476815973
19.906627876586544
18.78649803819975
19.78670139236234
17.209209528465976
18.56965439202982
17.51930243909598
16.77190280332368
18.612831577110086
18.967356770358958
17.35150347896782
19.25502005702314
18.330776428178616
17.369308525546344
17.294671115792852
19.116634418640075
19.95620496537966
19.234674434855567
20.686763320710895
18.055013266629512
18.238441584085432
18.42538094525884
18.008205073834674
18.14366500509354
20.000062861733422
17.944123271874332
18.812150715947848
18.34887092748135
18.154199879271207
16.31415211582678
19.599736627042528
17.366321670260156
19.56447418595207
18.34015115924021
18.110640159637825
19.101757742892172
18.981684459512547
18.2977610914108
19.356521195775944
20.072472327580073
19.390011097696664
17.585707828997123
18.64036160029879
17.317678662603658
17.640114925086298
21.855635124708773
19.499683934983153
19.568363631597112
17.976849807185953
19.286308573695692
17.68663636785955
18.80821375496088
19.785563563654474
18.028134494338932
16.393124066705756
18.547492004682827
17.862031927912938
18.717961463205924
17.294005486624396
18.41658028336832
18.913724657539067
18.894284866394077
19.260196548995403
17.999287160115966
16.57847256536417
19.22242745260488
17.91494122153984
17.937073817239433
20.771202555207466
17.028676944984475
18.3072622638543
18.452623613507193
18.41944750947063
17.94851352689913
18.609793697697093
17.318861619631566
17.65385387605153
19.398873307801914
16.51288912437414
18.130134022505985
18.15544420609625
19.1149403556917
19.327734574166538
19.285088871579745
19.00314492667257
18.24855474823882
19.940246042990413
17.974712709443406
18.004621808974985
19.16420632801636
21.57798462210913
17.416821938482368
19.295583423622848
19.772653978227854
19.644413202021887
18.541807003408554
15.83800913221011
17.415716814615095
19.67220941037031
18.655024210292655
19.054639790078305
18.600557954375272
18.527691736942643
18.852698442985638
19.36000603733867
18.247275126570276
17.865409377282283
19.043928373526455
19.360475961986875
17.16613480661269
18.060049428683207
18.487166715645827
19.591604012458028
19.723392475718075
19.06503693140149
18.059021900882147
21.277029589103844
19.461199674935813
17.452136618071243
20.126839635250366
19.554974518751816
16.764745516605114
18.36832410595526
19.929835314127534
19.8418181261345
20.09245389596463
17.459080000614403
19.39631739117909
21.463702189757306
17.832131361315938
18.568213343957023
19.596692963271384
18.968825487840864
18.70915052768341
18.711895662200483
18.239898220143942
18.762628450016187
17.19975372213821
16.518848077011487
20.568177844886925
18.61749022861912
18.749830674515767
20.587280463679452
18.10659397076761
18.268782080227027
18.34142521636115
18.660008094749603
18.806244477933635
19.37545698234796
17.78366754747777
21.50337288728248
18.84249750266878
19.855115478770458
18.999414341878495
19.621667751651703
18.307444406477778
19.563765280959647
17.194743691512514
18.910216401470183
16.405967765919677
17.817652084774423
18.65709852391759
18.480640316576764
19.392316144697016
18.519550840961966
16.82445076015262
18.891234921773744
18.470367943484902
19.23533998737073
17.040792689648676
19.209529774045567
21.416034311974364
16.46513267074255
18.80265405700466
18.617853180483714
18.671344392768237
17.884646783303925
19.411662148008396
18.996727622016483
18.853398259602926
18.639717244354657
19.35866847896278
17.847463163692897
19.64679394420253
18.29518933304461
16.851846903951742
17.62952265953
17.628459469447026
17.300484410692633
18.329731479768093
19.30392301141691
18.799020582777587
19.02357927300259
20.045562354091924
18.59610198490321
20.05089673306069
17.61556938531722
21.66955001825708
20.261979898488853
20.307749099100743
17.67366352081067
18.280662208520578
17.16019149182706
19.31370429752062
19.842444287254715
17.822353462995792
17.611358174086348
18.04571601909561
18.668607518187958
18.557876380158824
17.686588546988226
17.987692097793797
17.249283292508018
19.16375897285971
18.568336663943477
16.265859088365946
17.939800784857788
16.916017891833125
18.038632491058582
19.01198202612722
20.153495990493163
19.830871919246036
19.379666785190317
19.350731295253343
17.688202770939835
18.263833373718978
18.4226448293987
17.9544663756973
17.8081840361198
17.845781320868653
20.42725859239597
17.839684701365314
16.78685027312172
17.67780842590469
17.698280245175972
18.555690319941675
19.867667530134042
19.346023373746547
18.44916573961389
18.04759653254166
17.298772765628925
20.35242504883713
18.58481651941819
18.135772269747523
18.62736151925279
18.01620673016092
18.873021887840633
18.04848908697982
20.133082455375277
17.152982329917773
18.38790487741151
19.049532355530644
18.840204056193404
17.473645502577217
19.108940087704383
18.417014570678067
18.186413365670642
18.44464771504332
17.683779676538755
17.709306043636
17.36617285523933
16.861340484922057
19.055907005865997
18.98539366587648
18.66239066415879
19.042266755135675
18.630035730084305
16.905825948840395
17.703205610034384
17.20561290398745
17.95905093949568
18.141907094427275
17.50320504402538
18.73338716888667
18.54801936779868
17.253339849017795
17.92058916779633
20.052916940124728
18.310639570162625
18.907757082420677
18.858467011844375
18.289823371465804
18.261643134600526
20.974841213788938
20.883364850586986
18.26645823274945
18.14653318532254
18.95329845511056
18.52241090223161
18.213969149973835
19.661099427637
15.242744563583944
18.458683111638184
18.50076797713751
17.190370237408317
16.75188528986886
19.304815347353216
19.028671849026466
18.544939740169813
19.11938571742518
18.69176137955655
18.073815164022243
20.21898509956475
17.6911805994735
17.522515035744895
17.026388953249533
19.85565070282426
19.69306414395308
19.36200895963747
18.959404760576877
18.326934636513407
20.29014748731402
19.367259833970632
18.878512365719164
19.123301907119266
19.236793966503612
19.765802413232706
20.294447215050905
18.278178107202887
20.17627781048033
18.446646880207933
18.568736082003976
19.38241036871834
18.349764653500518
20.551524435044055
18.49852984599595
19.07106496411019
18.744802888795526
18.637607644851794
17.96587066201157
19.922939003174655
16.67611549147389
18.40448486618272
17.939687398736776
18.058640613018362
18.57506402117452
21.121859618114502
17.881565162898767
20.126757457110006
19.564805130839645
17.644907322236715
18.906823684534253
19.257301032055334
20.938621526606465
18.348042630367946
17.36629678149782
18.957489971420557
17.41389969185765
18.375663611176392
18.78856396921215
19.255281277786867
20.3991720476046
21.949668226661444
19.52689112516463
19.70281578186231
20.292777241666897
16.944129556133703
16.99356634507859
19.312108718764026
18.562800198396566
20.46335650216183
17.233876275745676
16.450707560641632
17.379573586986275
16.783212158524773
18.702968267930938
18.958300798389992
18.179454175915946
18.886389211978003
20.771437570927265
18.488901138933695
16.62064635782834
18.137010304187587
17.83726275897915
19.049217570255674
18.15652416479433
17.890969771611886
17.559176943992703
18.125523551542848
19.550056792171997
19.961816370467844
19.565861148316447
18.098793361162805
18.34131849573291
19.205328969813145
19.29579295992925
17.860964994368537
20.44166770098024
19.220639837614442
19.433242370412696
18.03807533923449
19.036501950114666
19.840450289308563
18.73825905705831
15.878455405556595
18.68985584919225
17.618268825455157
17.785596264504964
20.090174280041314
18.12701605806173
19.785589984835127
20.254410071645438
17.638948904967368
19.27030499664025
18.11120532596772
16.956146256938673
19.572209376948315
17.399109925986554
18.076410471072315
18.582047961365365
19.822496495581404
19.00172066916837
20.725285588352314
18.071928414247026
18.75361618783488
19.755409677125353
19.713946786150615
18.458842556802598
21.652108767222682
19.165298547286863
18.17840214626803
18.487467138644092
17.356632613742967
18.821284920239727
17.13817028776019
19.26200402792249
20.10591761726334
19.89184649642575
16.40890420132113
20.49728502590013
18.961312045847023
19.028246938111185
18.580384657159012
17.58317333211619
17.37266688149181
17.885618077858787
18.016112642099692
20.078520605924044
19.627867972222635
19.254341943970573
16.961230898259675
19.028966321178572
17.571895557875255
18.477620026216393
18.633688421728372
18.20395769544441
18.3316818819942
19.30707930692213
16.906623808265827
18.55364424853843
19.10401406402092
17.962053823225244
18.26902967869927
16.13464009043779
17.323305307290866
19.3217204953681
18.76328541605559
18.91990932104939
18.29453378876576
18.37384509255838
17.268897893316232
19.919737341623957
18.305109354940612
18.795601403604767
19.76981194740841
19.001337335909476
18.2550868073316
18.03909947102174
16.106337828353645
18.636924755173904
20.737453533458076
18.740699622079433
17.228406964286428
18.22486132432542
17.659608910728632
18.055162262255475
18.41431920666292
18.90779670011666
16.471323605207008
19.734045367381153
17.967131011973212
17.294808923505485
20.88314605092269
17.69599795905053
19.418972981809087
17.828406065995207
18.33144075223636
18.605301025672155
17.214824001056883
17.84474730618152
18.525511483257947
19.728503055520427
18.307178212290854
17.1979016358673
18.177292418596853
17.7986922806976
19.756303942571765
18.716282099301587
16.578947833468643
19.819421751000935
17.37274532123538
18.485795565784187
17.398481056121554
19.28937126848133
17.508060703556666
17.184110540375663
18.261528275784418
19.288206234593442
19.38059480343849
18.56177486193084
17.781020465641237
18.595227953212067
18.85804911518161
22.219910174860885
17.738205838855677
19.04959289670429
18.935708843189047
19.904859355584282
19.739943691009078
16.83850512537187
18.17802148243331
19.306535063721793
17.492003161263227
16.16216942945622
19.309957054145766
18.242395107672124
18.021568343128582
19.725998675528626
17.416717196548902
18.188850647589554
20.704068069566905
18.823258288062046
18.56124715785574
18.380340752924063
20.004812848246434
18.894135730293897
19.327161823046886
16.85027508238356
17.073043898222156
18.2671504879684
18.678997833135423
19.7844015601015
18.88299207310433
19.502946471954413
16.9387328347534
17.622782559249774
19.258139343601616
17.253018308470452
17.881493502927263
19.1020317917501
19.348676422241983
16.295762132902038
19.09469043278014
19.54605775273944
18.829100125477687
19.302202875913494
17.892193645776267
18.534122943927787
18.113102594085426
19.88170702086329
18.38448006451446
19.015233341053598
19.003957716640983
17.717366531289365
20.542102158980885
18.079142212106078
21.831168685159433
20.026591673473156
18.939715713135993
18.979435066778173
19.392300903651076
19.682921246874784
17.635499661750345
19.036237642833587
17.19455863057611
19.3631906773385
19.170272324417756
17.820703293737303
19.08047782080493
18.744104708172635
19.50795425381309
19.977531096001535
16.816332440202427
17.69923243359343
18.609439886771867
17.77756304126729
18.142183491058248
19.619160705189415
17.324628624372156
18.85431499682421
17.468331887983414
18.389399005127558
18.733841511235237
19.21158972447641
18.338264879626227
19.206370970430516
19.90718154965696
21.66577376949095
17.653000746817202
17.431118924840067
19.09622496049413
18.201616801818027
18.400076284307826
18.612542018363097
16.209161764711066
18.593798956260855
19.2153167299085
18.130993806333368
20.104235981248394
17.89867073829166
15.83825170959395
19.94239950492691
17.742173931458126
17.66331475031882
18.76831304323067
19.74329664476596
19.23875530118687
17.75601330421645
19.14405952376936
18.178047279459026
20.165368838975514
20.609375551409997
16.871899344536423
18.99626615693767
21.57261443670487
17.797706258057914
19.925416237324598
18.640023371528954
20.495723937069844
18.493805448664137
19.06419114685579
19.085673487789393
18.535921430423695
20.66988182905968
15.638494909881967
16.938510656144988
19.758726911441595
18.02046698070186
19.541242378556042
19.383772045049078
18.225889829252893
18.953568096309713
18.74156789596231
17.939618766510666
17.595654807342378
18.86412186182686
18.32018281688339
19.608552172278834
18.103329988597014
18.62570712216727
19.808661439796587
19.093450186088255
21.399598345893278
20.419574216961554
18.39794498903701
19.022164549481477
19.975968783267813
18.37274003513588
17.312116434796266
19.532329709770163
18.935219537118225
18.200324612535738
17.04346247967123
19.055126437213953
19.783361353868223
19.18481953100377
19.74704513171832
17.947060675630066
17.876923102792944
18.989587129412655
18.11595884297091
18.725530257047975
16.98646426122035
19.63368804857611
19.775357038314382
20.275703525337946
16.02595947163468
18.813011098990792
17.992293846581635
18.03239043239875
18.08735341931768
18.643325351696497
18.553882631081617
17.667998530181116
19.28675534633442
19.24172472666488
18.21624018268197
18.28739904472417
19.47572128395329
19.325526979075736
19.549284878928447
20.341976834450634
20.255651308117606
17.592493294791993
19.34123255347356
19.07883883554839
18.567821361159837
18.30452453656648
19.396474581165403
18.17573251080674
20.178302164539364
18.04752782381691
15.850801344557942
18.959602450518354
19.895551365214402
19.59450393609431
17.918211937382043
19.459293516655443
18.62746877278904
17.483647482346697
18.497504888629376
18.148601178546944
18.82709437450255
19.701466879155472
18.259784661758648
16.26914265256966
17.75385267395644
20.404182467268075
20.617410375334934
18.281586061058192
18.531049487251785
17.568553397764475
19.748068911471524
20.006079388250807
19.333420059247633
18.191044559456756
18.90439183929392
18.95333407654104
18.613983339664795
18.213072800015123
16.21914253246651
19.126697083211045
18.971886467513013
17.96309720427211
19.166118924147227
17.78678581345022
17.924409444402304
18.547709326938023
20.54211224687205
18.133531422426355
17.569401987895517
17.526800181432808
19.69172823812952
17.142578788913042
19.478291102662357
16.437663215556135
17.51730826808971
17.749938409122613
20.759449556840014
20.016039760344267
18.15783096584209
18.696168060859485
18.57184240787708
17.006697757122286
18.54734062216674
16.099320904574057
18.545610223293682
15.445804984108447
16.443036636933705
20.70129252601031
18.337043317136352
18.768390502601676
17.021689568319
18.72068446649155
19.069166701824376
18.190805916489946
19.806731215236375
17.919412887583142
19.52458460907227
19.900069914219344
18.586875985364966
19.195820322785114
17.677231756587823
17.657557421636316
19.360644067052917
20.6021138087465
20.33501606225782
19.594067674544085
18.83307484421462
18.860564486944583
17.375402415640487
17.89938425509859
17.584392124548852
18.691901807404943
17.882891381501477
19.001523456421065
20.55295198419068
19.396577778162218
19.239363145710392
18.65590353586038
17.662152795898127
18.968920773596295
17.17658204505009
18.648740702345016
17.721294310003135
18.57677200822501
18.494617120844644
16.05347257077598
18.379216217914973
18.38637489779224
15.55612559764267
18.677306164998022
19.85486578722144
20.03568894957305
18.281597854884534
18.584964400656673
18.74627782887029
17.948856216947732
17.57372399896419
20.235568725596114
17.283547815623425
18.02836210727132
19.255800453509398
20.102683696573607
19.980351264510926
19.320447319045755
18.074222855502025
19.321937380495434
19.874364787113983
16.626331651790768
18.396715813409518
18.52462780617967
19.558272764049846
19.104525316852655
18.142266957805997
19.590149805376353
18.087749535594273
19.644977293072305
19.182699712770237
18.02586935495687
18.916230554794108
19.87056395448501
18.146416427440773
17.93778329913921
18.345560652378925
19.003804289758182
19.017524259904942
19.759279543313884
19.34393925198154
18.266581097838774
17.045617363646485
18.72598028701004
18.035061841018678
18.770569730937744
17.29088173003546
17.764927685453408
17.591705402773407
17.034669753530807
18.103505674113375
19.047747334646896
18.507873281020796
17.547694211491272
16.642038718680556
18.643314068885033
21.254970160909455
17.274213022336454
17.30787766119662
18.169213242313226
20.050201025631235
19.105788775804367
17.891146638700185
18.919918531388344
