19.45332073722276
18.943109324600165
19.123494012843874
18.7874251674814
18.614109718456437
17.923135506385776
17.941031304998223
17.16463755482189
19.798255871611982
19.019214375210282
17.988378473049927
20.29565952231639
18.380500776431223
18.11025909443497
18.586857328870728
18.502389237679015
18.517131254781876
20.606507272142924
16.60192319800414
18.541300532788593
19.314784216535205
19.319397308164806
18.739681591082675
17.57486967744116
20.21621733314183
17.973195439355163
19.647422207399373
18.512457092099638
17.957922998895253
20.86442935385492
17.634298463457302
19.112138886413636
20.07680260954981
16.75145115158843
19.095682630926504
18.0312913870244
18.64975036919937
17.862470582442228
18.896077799392724
18.753904878936144
18.58158677651722
18.16879830243326
17.894634665818597
18.594193440506235
18.720929892359788
19.62636243955114
17.999631445091985
18.906612386380708
18.517710099716613
17.168445091167275
17.71449652464322
18.44068129176041
19.80332863918443
19.69384002299124
18.808117330136202
17.70144756397661
17.28246881264527
16.947752323915935
19.418468388876235
16.401517345392612
19.297151812975795
19.376414444115298
19.795095764980832
18.601527903703346
18.27472772785326
18.932476104471974
18.63113400396345
19.33867099317116
18.118035010552987
19.559604931205616
17.750027874872174
18.234757346995657
19.607543087681623
16.6146318555682
18.170221073722974
18.485420567756243
17.607408974695208
20.355948463955006
17.85125902166771
18.12306680091905
17.377408896824512
18.478969475784847
17.541425969450717
17.906565414869025
18.85050152576555
17.650086065500133
18.590708253327627
17.10838655443002
18.0341260261912
19.982049319839515
19.857494203932486
20.474308100170504
16.091003338225917
18.935944632677852
19.611501977097824
18.08823672075907
18.301005815500613
19.872397886690543
18.971865718863608
17.725122544117724
19.916649667499282
16.747431689794052
18.823194832950357
17.477314077461088
18.916702871011253
18.78208864486648
18.7006848875921
17.206940396916785
18.580771275950895
18.62618437491909
17.958245621126053
18.839062969957848
19.92477638367633
15.583283116964862
20.50057043979937
18.128762169325675
19.284320349193234
16.9816863990741
18.426845428225977
19.574883462692878
18.452605408449326
19.48292263686443
17.225269001605536
20.32977037373124
18.780013373968007
18.748441905594543
17.86285013110229
18.80477862357465
19.93966067482769
18.228934392485158
18.797680160829398
17.73783566884699
17.890902270405963
19.769108611021817
17.602756232847202
19.799151974546582
19.27220129329077
19.767409180889167
18.5595522561717
19.003674217543388
16.676393802453607
18.62682308319474
17.844470710951867
18.113877255963594
18.519967897057505
20.15351282236185
18.72249534092529
18.21920296199115
18.934315036247337
17.652211853587158
16.55185662239576
17.807082312696462
18.8265781066306
18.730335809611976
18.389520758353864
19.212764937955747
18.766616868129624
19.10137621179005
18.841138860768208
18.895793104806906
17.936951715956283
18.096939641636062
17.68612341722705
18.96964365953373
21.164287867777478
20.86875091300262
18.52521507272098
15.4468955705551
18.049641834519146
19.759364889794686
17.89654689643874
18.44714979192195
18.40453023958382
16.728341070832492
19.071221886921627
19.05401322050694
19.394541757371048
18.20379160850736
21.133918124749307
16.799682988471474
16.937849342296996
18.3297933326584
17.42136737331022
17.907905151987872
19.627502906225406
19.91858675438179
19.706838619795317
18.164421660968458
18.68704384730684
18.87061004120114
18.668932413903008
18.637774778055157
18.796558183259506
19.308204444959223
18.728859092921073
18.589704052785788
18.32231264853489
19.841311476863925
19.349957533613356
17.73587519848318
19.877127446695045
17.919816182767285
18.925660160417966
17.85464321734283
17.65087477152173
19.979108105777033
18.380510580670656
19.25247985941398
16.969918379698473
18.593176142592203
20.826851541375124
18.43023860417629
17.478498193346617
19.688665767546297
19.045514684935974
18.609635481515795
18.65372911558439
17.877831563343015
18.9071079047934
17.502647166226893
18.409820700486907
17.667774424695768
18.032354879040156
18.90341746563863
18.80954738612866
17.708015310863857
17.738025984139057
19.959735138298935
18.576335288711288
19.73520156104534
17.55149761165974
18.075412871390355
18.742822676791814
16.89011794397511
17.146967783120314
18.71021464687524
18.21497399970372
18.966548955996906
18.341206978671266
16.73654638269695
19.189949470385685
19.18803133783584
18.55122702106547
17.87371316962674
18.534434126542404
18.232345091097336
16.83346887976319
19.50024989854683
19.193133573162783
18.793947766331943
18.091066620813884
20.054863197383266
19.12518313795723
19.418328567960966
20.054995122745858
18.88116104680176
19.56512209949375
18.192391771225775
17.907837164703484
18.96729075583999
16.630014667265463
19.158605152745356
20.37575897215083
18.40595101948017
18.468539754800567
19.951462705358423
17.385610412469596
19.450293467569306
17.649055234462125
17.044516699075032
18.114168346134974
18.641326282661606
19.199067444825843
18.68934551383361
19.194626435031104
18.0352683875214
19.132191891073628
19.0709588161476
20.17606701717343
17.75958661655365
17.615999565939525
19.955326022772997
18.723620948412773
17.34624659590947
16.744217598492796
19.00440426775566
17.7668195634935
17.995886904558013
18.038322211026024
20.150966711499855
19.32214220525453
20.16431296819561
20.133093703497877
20.336631168858112
19.660865353132017
18.17103743921711
18.95297869010708
18.97505885163619
17.2783730616193
17.822254908137953
17.211569703498064
20.130011118481754
19.72055606491928
19.461696121811162
19.536849366062064
18.382998823954207
19.905541171436088
17.502711042167608
19.254513483592316
19.879370634939328
18.488849822781564
19.617963244855567
19.53144498981747
20.09562813073944
19.899175987885847
19.127002292960547
18.232057799392173
17.474715232993084
18.257780534653786
19.27243866353767
20.512919254386173
18.756698928736057
18.81132093611166
20.373527316242722
18.752047261791084
17.503107899953488
18.80445543757145
19.695106887291082
17.035513139390588
18.844664563211584
17.830538599118828
19.816163520301476
19.852210317294684
18.259577036939216
18.38062764916278
19.840666565240447
18.402255203991206
17.980971413569286
19.791794544226857
18.07838817209917
19.01669815424408
18.53636738423163
18.512372113926563
18.29358422222461
18.39206203206054
19.222496087481165
18.574978173280225
19.03835740755339
17.80844089136182
18.534362829210632
17.955213332942474
18.83913871276137
18.54237763439118
18.220628947193436
19.50604964778179
18.56825177868332
18.172025638824536
19.693836180687324
19.409507143613062
17.426243488365976
18.996090720943815
19.83866688359514
15.675157541130236
17.887534604466317
19.33694298462769
16.974023000583028
19.03186063415212
17.90205216452609
18.950839031496674
17.54557598025109
20.115315363325216
18.034998242940958
17.89840885716919
17.168446010455153
18.456516109748733
18.576243132840293
18.592172091642077
19.30722450121273
19.1352566992295
19.61888477961606
19.803377297786447
17.374443166986744
17.78767521958844
18.93376989881025
16.85737489839981
18.41113781602428
17.717371348243095
17.454553569264426
17.683211620521313
17.3038435681772
18.788897913627935
20.06131775459365
17.133918351621386
19.118912279734975
16.98200882428199
19.186023917584336
18.012983414463697
18.366554750647452
17.807387248347222
16.7849193603077
18.795499719308307
19.246229483516906
17.838915461827984
18.851320206095743
19.701737134388118
19.97087905038834
17.271147673186682
18.189553786755496
20.21452895023363
18.72971122654998
17.622350491825436
18.14623457668968
20.439169393264674
19.19066249021214
16.478977505299465
17.080324086455754
17.446134357215602
19.383898096380882
19.590746269900613
19.541925926435134
17.09494359832471
19.65168656401757
18.218621609875086
17.893565205298348
19.77229054026163
20.87273777550996
19.202737957418034
20.78056588794224
18.23622627633107
20.58302480902123
19.532198943697328
18.723713658435624
17.501016878554818
19.078960050155345
19.4145929287976
19.851866779028157
17.70496079420815
18.258893560427598
17.156736120343794
16.636777355733724
19.08297261883871
20.02381680880364
19.265777351537203
18.84569772697283
17.867801231078857
18.45443255510162
17.639665725574307
19.108046294822355
18.720024632017672
20.01760673146615
18.1744302457902
17.301208196757145
17.607005893976208
19.69452176396019
21.746888793509907
18.89391003531465
16.957554732142988
16.979029068023053
20.02370280734349
19.79172444508739
18.15585321847611
19.904706918639892
18.535672973875382
16.889556849306054
19.959615639103593
17.835207603606253
18.759039210089316
19.28282481079223
19.17509168824441
19.281018437789182
20.28935852560042
16.823922142681578
18.827518435285953
19.86449286980266
19.196723069749943
19.75967707667345
17.29393798591593
20.572651730376418
18.7271074311187
19.894144741254166
18.681715903571803
16.478145098687637
17.857313775250724
19.16494340136921
20.598726254024697
18.328331579757553
18.151305102674844
18.56188378019723
17.771010480279216
18.579404438266188
17.946349142126166
17.680972778331462
16.265785144293794
21.048072154630663
18.81614158173066
19.6869036707388
16.729948615294752
19.368458482914967
19.476128264319367
21.633428928547094
21.222689156006503
18.08712841153169
18.512168165165118
18.40380033923997
20.26098946949684
18.154533498038557
19.928077982759415
18.41941667911487
17.705779297943188
17.676325494749587
16.87642773446156
17.131036296915113
18.55321309579492
18.50733541870082
19.269805549397656
19.74570046557004
21.674256911433993
17.31481917046564
17.379307228357153
19.045488885272185
17.380723537946473
19.469678866816373
21.46623036455728
19.829749704473468
19.16725127156406
18.929911721494605
17.651147470956378
19.48278546499327
19.330551285903958
18.08782384375402
18.962795637595466
20.167904530400836
18.698766964025133
18.881987829725144
18.343475102168888
19.287687384707297
18.2491472993395
19.201879864518208
21.425117588323296
17.70639467664418
18.024137376491485
20.892060398733747
18.434715663947696
18.01791271210242
16.123106640946038
18.334397276410076
18.901589008030818
19.352676803158182
17.618117307765434
18.33152764331562
17.689981701011742
16.844807090649358
18.473909273994185
20.807121311616992
17.202265530258483
18.038157445780396
18.606593663217073
18.447346662296052
19.41177156931555
19.5907317157478
18.468726524711823
18.829756000784013
17.9619486119515
16.8006801290264
17.35831059339139
19.583485017584646
18.881403069443998
19.442810388898746
18.977575632590717
20.107096355946553
19.566211111946387
17.447167295338346
19.83468018484457
17.745361629463012
17.936652721437543
16.082510713352292
18.607921782598165
17.97074993520446
19.77870307409202
18.401689328843894
19.38959960190405
18.32541345160206
18.40384709085833
17.501871277945355
18.921919419503052
18.620491035245337
19.314802902663043
16.673317743570195
18.198706863708257
19.005913627421712
19.870055054170706
18.21989311888592
18.758786663365605
20.3256239507576
19.610846636959327
18.745202622743093
18.68145712409594
18.67825319402525
20.988795054823143
17.407742964583083
19.371418845330982
18.364118249523457
17.71470413719184
19.40203336948782
17.818957420633165
17.43039408799277
18.48945916705852
19.53945817385397
17.944985340845577
17.64437510271598
17.34288352130171
18.219492160905265
19.085441726872443
17.91961653404023
18.531715808553443
17.226472674418467
19.883621753813102
19.52611353878056
20.477055808548425
19.09318032415736
19.679640692739916
17.385341022752982
17.498182658045245
18.46052545029116
17.317174932116604
17.686161851246247
18.833833994723104
18.47574082870016
17.873154316688332
19.486549455151316
18.54730880958845
18.489928607337973
17.57453641178854
17.356072962107213
17.070714023317908
19.421141694093315
18.12134503212514
17.421461536085012
18.125706600832192
20.630729560608152
17.446639177707656
17.94685672689873
20.13773545757834
19.422899842702062
19.213425250715847
20.488374770009795
18.608372034002727
18.56942361990809
18.63109894586141
17.14450157027293
19.58023191205758
20.972733788228982
17.480168319907456
19.876023454025347
18.037929203519138
18.827167507753735
18.39917747130947
19.684380430226092
18.263291946583784
18.637661028990273
20.567257224449342
18.962485573479963
18.873384978112405
18.049486724792086
18.87883530770614
17.548584235118415
19.33720013494297
17.761896848302584
17.992876073880964
18.80249056537666
19.094038942767078
19.242733492412334
17.29171128750363
20.136912270796365
17.800492600924663
20.392004999041827
19.74707684436807
19.20398297564232
18.649968736984714
19.858354988499304
19.981722377234625
18.071632806817437
21.4226855723098
16.42983189780245
16.725906500159052
18.38646113709497
19.075126308261943
18.998348370814796
19.118717169092978
16.331729708118342
18.061371948574333
20.178557726628508
17.6038461701742
20.086846298509208
17.47114116829514
18.941902045336075
19.78584841719985
19.043861631718126
19.019928347776048
18.131848607217698
20.372670491929508
18.48164633258589
18.4740636692169
16.207569199317323
19.571117686390313
18.858830776855136
16.734545565688915
18.5921102121605
18.63534552617684
19.696607155326525
18.71668318114827
18.984394329283177
17.199394075975064
19.67146359418549
20.030501975652257
18.664583903587104
19.437096439169988
17.34804103265074
20.661093403048334
21.177870292187002
19.98625264771497
18.94609474426456
18.679671608697348
18.07095695500956
19.79456532756128
18.22227944151433
18.23944988289879
19.099941186109554
20.569939926456943
18.605043175669568
18.54649917813034
19.223085574724802
19.0328416912925
17.963015495537835
18.630051676797944
19.048106824455964
20.231230167372768
19.046357757083726
18.891115223515907
16.802701307443073
18.453340791452536
18.430810405567723
17.599549562018755
20.48348565540547
19.15087622024272
20.40757916475274
19.28986005661382
19.111858180855748
18.164424145102505
19.344142062016477
19.02713234886114
17.351843520252384
16.04080618774915
19.35517703081616
18.174014595055827
18.291072941598784
19.36360784084546
18.00266782171531
18.7200798940819
18.628554428994473
18.73587337348839
16.779454879910332
17.51036127209054
18.285729414287214
20.100943569158233
17.654470189352196
17.737244806506794
18.85844567036371
18.650811941208712
18.064535164084976
17.928710386059077
18.204726800896324
21.20767178006382
16.718389749189207
20.606388376795902
19.251842551085865
17.74362900505007
18.95393299895023
18.867398500052047
18.993364616405206
18.280298640132358
20.30078584833986
18.854266304533823
18.10135112121041
19.106544356304937
19.914405142042728
19.87169376201847
19.11627981304473
19.915119058379837
18.92300705834111
17.592242561462452
19.548867813277244
20.874882748281138
18.718072700144855
17.650955012719088
18.528611000641977
18.439554563242954
18.215048165226456
17.39611585925247
20.116162762103404
18.20458045556414
19.43168199439759
19.328095647777115
18.38947214392658
17.60390168518577
18.67699798784476
20.764860620726154
19.56992555629054
17.857961877112643
17.768830040669275
17.67755144660237
18.400933875114827
20.246433849980562
20.096017667547198
17.3613698536997
18.68103067561483
18.620655591013815
17.216431195504967
19.107967449978545
17.559541078822186
16.8816861840633
16.957269514055803
20.10348919444966
19.871095867587613
18.81205692057548
18.861291773993067
17.647383252920537
19.961090079224697
18.274162249129393
19.027063074170343
21.207982851112327
17.531310483197473
18.893815995902035
18.818310053925874
19.050633746105227
19.346568526300203
18.18588263856462
18.481646507100915
18.22922078888902
19.434699293743968
19.88021930648024
18.356332722440396
20.033645013204822
18.453311762867568
19.193288315861036
18.787620730072987
19.16196731206514
19.2482805652193
18.54650996419431
19.305483318695128
19.14072525701686
19.343312061544633
19.24142502864966
17.54613117190729
18.233823289636803
18.42727389718879
17.904530640606502
18.262250737760517
18.326348821700694
19.265631733101806
18.425024312491136
18.82039019775355
17.538761940848854
17.178847760119535
19.448174356223618
16.467567212823173
18.158534560099245
17.24065921465112
19.65598185636059
18.20540249553533
18.46275007895027
21.288128537267525
18.982270290981475
17.033115627554892
19.302026947892653
18.56507329479982
18.82457592647851
17.343765647468516
17.556386190972056
18.623450933515333
18.883918902430676
18.448816931337195
18.376403873213388
17.017271657148548
18.110401961671023
19.097715009920062
19.359878434982114
19.520780006545294
20.851042326592026
16.76290007724798
18.802062856852178
18.659706524902354
19.809445969098043
20.816294669654503
18.851176037747834
18.002781429724777
17.717848739443742
20.104914518770407
19.494584528045145
20.317128093352224
18.108805473974517
18.41600926995635
19.85624403111775
17.543735491458225
18.79455536205016
19.451061789872426
17.513010889664233
20.714808814313404
20.012405860726552
17.630074900037865
18.32428930799952
18.10798386708848
17.667757174533655
18.098713124726366
16.376355958325057
18.329378638708988
20.04576220621685
18.314346693537683
18.15843735707499
18.32200880789855
18.180972489593216
20.953498368303826
18.886807052261375
18.148391552286917
19.3861373290817
17.961578840357095
16.96355091946133
20.425543891242715
19.771760642935035
18.63991188946199
17.522160330120755
19.354954395843087
20.31503614836315
18.865810625222476
18.83437281655495
17.01083906693497
17.638308061958107
18.57523441175759
21.301491751262656
20.866502054512264
16.88993740628834
19.482233762043105
18.18037559681609
20.749679941599233
18.88526829895621
19.04113821814899
20.0840212674822
17.7104154204115
19.376116580207444
19.981556021604355
19.672057811485644
19.582209944573258
19.27482990555952
19.869756859603562
16.03675844384455
18.753026964403123
17.733021183004947
17.31695632998313
18.294038501108925
19.663498732303513
19.23669844713716
18.600911114174288
17.58214848118544
18.78612610911621
19.607461960661162
18.566573542075005
18.91259213257484
17.624117513779886
18.47384484112905
19.956205584838912
20.385826580252967
19.43869460962487
20.156511543514142
19.32822801632007
17.736865316767155
18.407287972748353
18.422688368292977
19.44734385036183
18.565064153870612
20.0145806441409
17.587955703344985
17.935043435568762
19.65891671053128
20.388678860710026
20.36225455945693
18.122580301350347
18.37154374511313
18.275846616109177
18.88163061025883
17.25077020579444
19.027919464137263
18.615971946328088
19.833562522568137
16.651001440733364
19.262032730809704
17.087946087174565
19.843084318741465
19.234783712135503
19.01901139119854
17.397444166848548
18.28834559943313
19.687932686439545
19.253325570438697
20.42851049144489
18.198738396734353
18.120426277488264
17.802909638644714
18.46494769335663
17.506358227316632
17.203336650464323
20.24906000626256
17.89161941400987
19.525408982279437
18.064059912158275
17.425133572530914
19.68017528135219
18.7113122265632
17.95472743284082
18.232707756061153
19.07150872311237
18.783930894373352
19.987607457684124
17.898902742409597
19.114968427910565
19.50485547546335
19.352940995024632
18.935462174173708
20.32962378656436
18.619642713893764
21.47398026196561
18.308773947364763
17.78411038823455
18.755031266082305
20.141707191484578
19.120746709310048
19.41503388890168
20.523015389557763
18.137623131041064
17.777674802006345
17.32325594170237
17.57272016360105
20.2824592987469
18.84990058389369
17.88133386123651
20.993748893599555
17.973473462533118
18.785562704093145
18.818750645329917
18.864946969312122
21.366916806939777
18.26038164151765
19.108973070959856
16.99113452202389
17.909734077023668
17.852241794306867
19.553076936394525
20.6581818088766
18.59457287108501
17.618124010957583
19.938580699428705
19.982619362144337
17.93141992068029
16.934990049499834
19.318008691698946
19.75535985596353
17.65152316280114
17.718874761774806
19.051225743602522
18.761076206089204
19.937136805035635
19.3197322026807
20.88301190595181
19.055613711389622
17.187648306149068
19.723482249296943
19.651817277729865
18.08218480433397
15.961753711797401
18.29756814368654
19.021556562009295
19.263346136944755
18.519802820823124
19.688031943289275
19.670660580263487
17.906019195392396
17.89314152719858
20.406779989416496
19.70189300237727
19.07250717842129
17.78639994941251
18.277076972178886
18.135428119763315
19.5768281081863
17.741548415827246
19.03122959388041
18.22076926073265
19.016793407669663
17.10321652481482
17.860298906910337
19.448055382232553
17.481609893244226
17.427186396153648
19.860561565651803
19.33863423971298
17.658908608282385
17.810840467624402
18.66786360214374
17.159592884882144
19.22995477573453
17.60059861796232
18.482084561645177
19.549749771344104
18.733791261287273
18.046503607581933
19.262926845651634
18.443159676568627
18.819090984573183
17.068669251058868
20.138530569844885
17.16564345501807
17.635105993923332
19.31324680428678
18.69819488251216
18.94374429431285
17.46640912097697
16.753270520191858
18.595823910645134
19.2821803800283
19.921244899851473
17.03678527586669
19.331785272524375
18.125514865996738
18.336666641569938
17.84000690427521
16.256612068628684
18.631485857854226
17.92724735386929
18.71939717265225
17.327999478858015
16.9844428684003
18.168317201303257
20.48169503010177
19.494420782482212
20.27456276477363
16.80540939387407
17.327304880990454
19.169481151074162
19.108146446043584
16.81099268116989
18.420804244299465
17.53099968364573
18.740416155429582
18.01451659484119
18.310302930734313
17.893106452762623
18.21168213369188
19.904653548953863
18.15035974498798
18.20990464020286
18.6271900176889
18.417597128988685
16.852646563285376
19.485282294014816
19.808569104624606
19.693417119018015
19.286224844361914
19.131869324299487
17.584259800160552
19.721263953571203
18.786298367375405
19.631250628794902
18.62862215292254
19.50816819842026
19.124737231674874
19.085570157566583
17.699619700673562
17.149702969066045
20.668506970706492
16.88232911121549
18.071481118467094
17.08383336966261
19.7960065856198
17.538425556456573
20.110737542457723
17.818038176871692
19.097203775820233
18.75976954385554
18.807181127850807
18.43529598514316
17.161954781992648
19.365219313850584
17.861977407301325
18.18889268694179
17.81748835427505
18.12513433097169
18.356197855595347
18.29691389217132
18.77849224268632
18.347019840301478
18.07359996170397
19.88967810725152
16.314450862076956
19.29891195581289
20.357995673714917
18.63027221897825
18.101172609109383
19.114606811633475
19.003403749119784
19.22329738425438
17.547387533323537
20.392531590832395
19.092119751641146
17.930271233688437
17.661867538312254
17.330768717188374
20.635719724884527
17.522215239558232
18.220703286139255
19.756806346731302
18.605282707655583
18.968513792368054
18.228651796313475
17.813849022355104
16.878135420705124
18.05624356972328
20.704798587243374
17.12476579407775
16.854384718228268
18.153523313873066
18.498748306270006
18.75428977919577
19.81587574475372
18.838042702737354
19.213544060248235
18.826187903039568
18.936201348914704
19.583074825579512
18.020285834478614
15.719026316847899
17.68513791158819
20.4141223689526
17.794809656189667
19.62955791432993
18.875405366072016
16.290982326936817
19.12682038612132
18.745994364015537
17.730577464218015
19.336748964924617
19.861994047217717
19.379224213676448
20.778192037675435
18.145859415396533
18.276800198081478
18.72136803316083
19.10784665920788
17.678822917010184
18.253825667575505
19.021067976207704
17.49660658990654
20.596660993348475
18.667169521968393
17.599609250696854
18.838121878381212
18.983285623343683
19.81810319516842
19.350481023119634
18.1815164290166
20.50874041746961
17.935765415963537
17.324611667185316
17.268896481456533
17.37671628495713
19.244739703551407
17.694486782325164
18.526225042356554
18.745643211971142
18.730256954305858
18.616972410744356
18.387452245564745
17.83099857264537
19.621689360266817
18.968881671428754
19.696751987324383
18.41803053112234
16.962805290982995
20.368303474616113
19.72454964266438
19.37659476589925
17.674287502228168
17.767556202258245
18.397755917612784
18.201602799492218
17.584444532118706
18.3422865855598
18.798894396389542
18.897670266493908
18.52420426431231
18.358755471187894
17.39929831258439
17.905218050514918
19.050903141175382
18.986960340607457
17.33213144174627
17.306611089499587
17.88237140964328
17.400584834628628
17.90007790306058
17.988361514471503
17.996805856514694
16.5965252304492
19.774789231749548
17.977494981587945
17.42782382719299
18.454684617110598
18.922492481354315
17.650395907560085
17.89142169988436
18.65267744804768
19.054685370029866
16.05318162294121
18.998841462217143
18.648678226998722
16.403125884854624
18.954931586933007
17.7993567905004
19.26101877887674
17.21593851055893
18.642537415074795
19.402063109131255
18.19371553881515
19.622612487862988
18.862407786419105
17.398330973742144
17.567464322207517
19.890468098598365
20.00090973413411
18.567582526997807
19.643274729946974
18.59995782686267
17.489075003687812
19.683303543908394
19.83679042760187
17.413576619142844
17.13507790161336
19.345520612688617
17.246888394682042
18.63078583234205
18.903263553941205
20.323913373744183
19.582303094601365
18.531321539931135
17.054255643020312
19.714410132176873
18.750041641778
19.83248951900544
18.479718529425188
18.803900592405284
20.61591309533439
17.798815451022477
16.377496391177786
17.887547857479568
20.497263770948077
19.362678561912414
18.95772187939779
17.72365226824635
18.352937460305167
19.20144292165765
18.401942958597765
17.336395095330325
18.998924088061443
19.70788553618593
17.400519345083126
18.250401300019725
18.830883951325173
18.762513514853357
17.81186978531602
20.240911309757887
19.145237444811222
18.448983563031195
17.86776572095895
20.89165635425348
18.348129580370628
19.736908482779107
18.230377516921067
18.03988402974737
19.01662395843403
18.323653436211035
17.955895976114498
19.292508253349553
19.03971146009671
19.383827856465523
19.94822162023387
18.04184831155089
18.479646397732736
17.870758100011923
15.301240960625337
18.806819636959123
19.021322498010615
17.99041537916307
18.749259542616592
18.88700069725057
19.991268118986014
17.363875450662697
18.348348094908296
18.41602067302465
18.572762181411154
19.013008139891898
19.1612730168155
18.768182199289345
17.925012487797876
18.703086634682023
19.915498088956234
19.420908492065916
18.86820633707931
16.311343476832658
18.343681146625737
19.03241304214211
17.817092052524835
17.23488482005233
19.811656355196547
17.79475986271633
17.819450573405916
18.365982565297667
16.79172333933729
17.96890208447468
19.845489508157808
17.618307249827076
19.345323223097996
19.51325329069321
20.43143887357517
18.615693329529726
19.954126117317557
20.495688565851655
18.350128291946177
18.688091197615016
17.329540870119725
18.409871098335408
17.821858154281507
18.433630796938445
19.471116684183368
19.107324420544614
18.189539999009654
18.400955125977685
16.780185694657856
17.25092643014042
16.608005595022917
19.328571767564597
20.644186030271843
17.90780345916672
18.984980682959506
19.430969979545004
16.961805451302222
19.536424246272635
16.942720094131463
19.61408182494712
18.32442797108692
19.49946295275231
18.973945831654174
17.805697083785166
18.409420939432017
18.479071684203106
17.639429683720937
19.635720421339993
19.038352862417977
17.816998949297194
20.638481957475896
21.49294824614682
18.10255962098238
17.566871540385815
19.578246224478253
19.213633112688203
15.782501692644308
18.71497721719535
17.54041262608092
18.669160635400974
17.90172386006149
17.23265007958736
18.46540245025929
19.339451174288747
18.670916093231824
18.483297580170525
17.426467135628016
19.996852793720503
17.525461993721546
17.325010407505022
16.36689947379445
20.02548428285982
18.268653447756716
20.308262910914806
19.903409001604672
18.7881000761556
17.786784230137467
19.766325493947214
19.39423363292186
20.06398377844405
17.532855461836363
18.628643122361005
18.474520309837796
18.898476213258213
18.416764237932764
18.891690708713675
18.238595128234607
20.527340491116657
17.967241083337246
17.218629529088116
18.022570533647468
18.08540112740825
18.5370060022339
17.10017812589838
18.12113792428995
19.68652575291128
17.782529706051346
18.476898361257117
19.6685479711325
17.462380162217396
19.059905173045642
19.218767763496608
17.58245028053883
18.368049074717447
17.62868663359229
19.948673745609803
18.3245317067739
19.205652765281148
17.468184592107246
18.483904762995806
18.007946629486373
16.800370511022155
18.67765413861857
17.419068857058797
18.37792708917184
18.765290455792094
19.61096075924873
18.936711622290694
19.29924180935304
18.98794585509431
18.12622749685026
19.837479031546813
18.002149848844702
19.234554050781036
19.347850316566905
18.891374933338582
19.663296346920532
18.910446339372818
17.06962995470049
17.50771825177485
18.904957634436425
17.46714280248895
17.118713685133194
18.832817012102623
18.85735921945283
19.67067407858172
19.77312797059646
17.891349969196884
21.104014405978187
18.02805797098949
19.0402727976043
19.255852184959874
17.695300752093043
18.94632058797347
18.212463579108977
19.586865407637156
18.544780753957696
18.36825519802632
17.583739254500824
19.313491316894588
18.580387200043674
18.885429401698552
16.4472258898875
18.035224717886837
18.913879419910234
19.33256761293733
18.85234961656929
18.911485953638497
20.19091223407692
19.48159325883762
17.89832178216065
19.445424857651663
18.87180488757682
19.492194949412312
18.271860324897517
17.89073067746034
19.991811913328345
17.585650484204194
19.427322408679252
18.402024945944156
19.732315301813603
18.679131604750644
17.448551432436133
16.232334313632723
21.013747701953008
16.438119059235937
17.616038842779492
18.12073939791162
17.056459490139027
18.346958977919073
17.339913606764732
18.19862945925015
17.01193264183688
18.79543877144084
19.566999061489323
16.195019555231053
17.647129684999882
19.492228412915917
20.149118617507455
19.131574639739053
17.980389810862114
18.900436919402008
17.943811779103534
17.400631510640196
19.644801192667945
18.14602667094566
19.466139595489686
19.81160013601577
19.68495992523343
19.470962925500398
18.582791378435818
19.35006625778244
18.111952602464555
18.726603116627246
19.052325117970557
19.113254049968347
19.645712733664865
19.370642486672907
17.560852436930237
16.844687104219418
17.32707708170216
19.178362679832055
16.000993557758257
18.916856120914453
17.073512184185365
18.83436371406203
20.569311450173736
19.030264211162542
17.669881686217508
19.70121410206407
18.256462388055837
17.498889555412642
18.611723829603726
18.706346344192855
18.979078500043236
20.151956570216033
18.96950064514218
18.83684842450053
19.536452990231712
19.79841770118819
18.89867012167826
19.879221442302512
18.54584930869595
18.411861106403254
17.243754472393103
19.33709698380907
17.201427009551796
18.27757879692794
17.266976746820514
20.05401378230361
18.665626566637048
16.459481729294207
20.57801876156735
20.35673813078832
18.22425568516801
18.837588077973603
18.543939056710112
18.04633017943011
18.615318473591422
18.510893810970185
18.9182806604477
17.93467774292368
21.293632423022213
17.983991547669277
19.593770957291184
17.783741325209256
19.118105212357012
16.865747394620733
20.057552062707373
19.530849485448748
17.284235969003852
18.604275729319518
19.276925474196833
20.017887026606285
19.393078436145828
19.819036812897796
16.541803131371196
16.73307970878138
17.434209230350366
20.24172623726489
18.24420530678259
19.468081084539712
16.766694766397077
19.5138502049861
19.62944222060467
19.343823673231608
19.685680874000454
17.46703774091514
17.860894190873925
19.64774903853015
18.459627215256464
18.45840460667597
17.586665304178275
16.892738465943946
18.348477287613346
18.92834254102667
18.128771893350862
19.079117402543154
20.16395999553586
19.1108099051796
17.48376503030104
16.906588681151625
19.025058768952483
18.681939093291792
19.69611949062691
20.788645578851167
17.74521331832042
18.510428556301253
17.750705254747274
20.18144081816783
18.118751460396787
19.50671093679922
18.20078596099188
18.440246876830024
18.53489717087387
20.360459042355533
19.80610348946465
18.487322255096647
17.75349316920592
18.87714597731573
17.09989746480078
18.74801412471853
19.198590065692397
17.52899754426999
19.61061855416833
19.642105193972228
19.879449700741407
16.400597188296572
18.963812200000362
18.18193129846492
18.493546968269648
19.54924510531262
16.91825914839593
19.03230077613516
18.4788345117657
19.414673924225347
17.81508842720307
18.67334366651846
19.25147486437878
17.539428639338702
18.680755009012444
17.926966110977105
17.2088132419923
19.343842730591387
18.180216139165427
19.711009241259998
17.67796545492904
19.86900277294927
18.30036465517223
19.26208580490632
17.96867003070665
17.28635629863492
19.82642561593189
18.466166833977596
18.2064375404618
18.698239774955752
17.592169038522503
18.935099481248695
20.005344094699012
19.25815925913631
18.95511810466695
20.227780952049507
16.93999956235488
18.50373515540103
18.643096098973363
17.549921130082957
19.932428126836925
17.80790865732267
19.493372977424414
17.69827630012836
18.17990185836849
17.529070886932704
17.98894184756429
18.9359751796636
18.21406458191717
18.740631143660316
18.392700187607158
17.698818260615592
19.25064530170756
17.956534833217784
18.12632547272808
18.383183997744712
18.05201537045866
17.624199711328057
17.467182916536952
19.31850286120396
19.19179997236906
17.93642656445649
20.424118165787046
19.991552253239234
17.059164137028983
18.155798866411228
17.579875022973066
18.198996859591027
19.45972755632684
19.784586860890105
18.52434479616093
19.510040183930993
18.221326279754592
21.251571351610252
19.221291165772765
18.116445501635223
17.14626431088923
19.236914173569303
18.084759092098544
16.641772445490698
19.796081055505105
17.85581145392458
20.010757904617602
19.57094026518225
18.15507636084282
18.988281657594232
18.622706927542335
18.69039763833444
18.980105299872662
17.945420310120223
18.646257525638077
18.485360600998398
20.19058774748783
18.895875857102272
17.74101491299707
18.126070239541082
18.911360342599625
16.661963296065686
18.477881047460485
17.740289660695264
19.409384841318914
18.617687770019494
17.892634830462665
20.224997107636806
16.616987427415978
17.203265840029907
17.43791466498196
18.663736255994632
18.3567695585595
17.90660560284179
18.20825480854295
16.93525213521563
19.939434842830636
16.40675637457444
19.48875852202019
17.472528365729463
20.457059832874393
18.68937006198526
16.95610498808733
17.262485570919576
19.29602128171677
19.477501180653547
19.6820732584989
18.37961824378065
18.090046751282227
19.45802087908529
16.768400563984347
19.6221713400288
16.88212646289863
18.108548408903665
19.228469269603213
17.275991990196452
17.745612437607065
18.25866044731811
17.065298518553522
20.078491507504175
18.692968069845996
19.652233924120036
17.82198331815602
19.278467458513497
19.877049185638864
20.523193795975498
16.985702509423902
18.66909070264892
18.03036824275502
18.080025686433586
19.143655422834083
18.935704965302342
16.883104724700587
21.412569274983877
17.879957234955135
21.122050393373705
19.133025949272557
18.358347676552796
18.549345535989538
19.565203951097963
16.50883269660742
20.07965947834986
17.77166348449782
19.14177059432629
17.006765811748092
17.88964945362788
18.282129753707068
17.152219064008356
19.71990829768695
21.236358575117215
18.040006079822934
17.336422835798878
19.71989976387781
18.70203965230736
19.487417611116665
16.5962810054615
18.44796662388944
18.081771765413627
17.968449806841875
17.648014583310506
18.762904285158093
18.507825816720175
19.303827469347613
16.050674961923853
17.02657259581942
20.694507378918868
18.14028779940308
18.046735137732853
17.588694149182626
18.224386443426088
18.101044282656463
19.47078670589867
18.33889166680722
18.933620751210956
17.77554949776171
18.14672921070167
17.045987921049328
18.96172531701082
18.53600035600434
16.174025729850175
20.712997938872025
19.43158710439699
17.59461582151455
19.285241974755166
19.997597849268047
19.811587393562586
19.151016526055447
17.79876973606808
19.210954794047836
17.606449686654095
17.007146188469584
18.092629418674125
16.28288767968777
18.721298432358385
18.688871669553752
19.516933330526587
16.4218824456291
19.434257495340304
18.810787121781246
17.878338910860737
17.967103108596316
19.247788082167204
17.33155483781805
17.825248293206872
17.95101829056887
19.447628025366168
20.239249863398587
19.318213945158014
19.387415560759468
18.08196922146615
18.318065863263538
18.983795775380315
18.367768101668993
18.008892690680273
19.561175051556635
20.13085705521395
20.288331306080266
21.62694532509942
18.977586578928644
17.68440257110273
18.895418842092504
19.59043319603019
18.378102143748276
18.593800952321924
21.58076589386321
19.377922012691403
19.343668446180903
18.79344624397151
17.779762449068535
18.689319009249868
21.01030694534247
20.298409451558946
20.07488410520821
18.132677278943763
18.3593331985176
17.81157328589219
19.02740291095139
19.62308978992757
17.965124592237153
18.55583493414162
18.43242845102561
18.369459372456138
19.464033161198085
17.782814380545673
19.459432475834166
18.944343444935487
17.073496003952506
18.844706677064476
17.706914188808554
18.365765709144352
17.658274015690374
18.215918870535805
