24.027505217238375
23.670746727440402
25.405216236677337
24.16177862869826
26.500131164582946
27.605490261240934
25.26109563179895
21.30688246161203
25.174122233130593
22.430417262267934
24.071141333361847
25.34254832817103
28.031318280731746
24.701583891326646
24.851698060396483
25.3002006487429
23.604920187085977
28.004968018236298
24.226672169465825
27.832393041491432
24.521125087415285
27.026358893084044
24.416555065579534
26.170037454276397
28.152879975902827
25.536918061090994
26.066248797451614
23.54006647612321
20.891558315640577
22.40305716370791
24.31003700589098
27.55222566615316
25.95354907929259
22.677911579259295
31.660766292272186
24.212244196324782
26.25244987707884
26.341842969108562
26.393216303668574
20.673568082655105
24.948761433043533
24.443304517045522
21.981985297399593
26.84402414709589
28.97363920669064
22.998008362485944
26.439805049214222
27.603951728086194
27.662917573946505
26.820835834916686
25.549790124332514
21.672728085004373
27.353145480108868
25.471907282784414
26.330685211891055
20.31643951880314
24.114310030778682
29.550758750156696
28.976703523958577
29.59427954365015
26.243025890036964
22.064549660049536
28.19747209048188
23.282247124135335
27.950726456676104
21.357329425041858
25.934308162673776
21.875591690374765
28.652234302938144
32.305136525624874
26.681639043755307
22.002864396837687
23.888040486726418
26.72839046113957
23.848558568162332
25.713752694173383
25.972131057044933
23.88439373430549
24.273002841607163
26.168129096418397
25.95684054685226
25.63719638051033
24.787198486988135
23.712943095644714
24.23888595205526
24.127029502329453
25.23237080244688
27.42823179210914
25.940877999281525
24.72160268007742
26.317995535614298
23.67672988383322
24.405916717435083
23.075503339330233
27.820355478243357
21.381190289907057
27.962191836906232
21.73209834463327
29.1333976363364
24.750970096476784
21.56946141954831
22.462503198719087
24.288235652013636
27.169773303381508
32.333905988217055
22.768459722118816
23.28397007943507
27.77750448419202
24.825333614812976
24.002433765703802
22.97367381517712
21.125112306247072
20.811651664996283
29.32303430821793
25.808308941167724
24.18662542734428
22.16362486291524
22.45120848505252
27.575855928245275
20.72363140006105
26.645870096287943
21.92590157246578
26.213983476385298
25.679717132607514
24.029849830053823
24.975304801680547
21.87965139612493
26.20830501031419
21.65531679286379
22.969631925130738
25.077356147346357
23.12032040551626
29.36748205699208
24.63968653764864
27.26289080978787
23.97111491954269
26.43324835986809
25.01102981993688
28.950140903674285
28.621137552956526
26.86292950004033
24.24755633392947
23.687285090701856
23.33161012066715
25.807510407683733
25.32436957309577
28.487200262193017
26.692384247633782
28.86920077774028
27.33389788622487
24.321480968184318
25.24509026734333
24.59010593240292
31.150825640395592
23.51331994661917
24.338575757451014
23.917276930135376
26.55946690864017
26.111249383833687
24.435934577761547
23.34628670140911
28.42344922682001
23.47672152510633
24.59934659324113
25.019557100935042
22.839879021298398
20.243081002377274
24.840665582467945
27.535047610891777
23.098651231669
25.777527461082766
23.96346175790947
25.412235826729095
24.421419130151005
23.208835875662064
28.170316457042617
22.96076052362964
28.85495591107703
20.539803997275072
26.918304164557455
26.527500348651074
22.613024985315754
27.293911540975024
29.19330053027897
22.63466308057495
21.99189145961246
23.313027252697264
30.344598278120742
24.00813739186638
30.042788891139306
21.770336394610727
27.923233083730597
23.113625948156095
26.8195702434615
27.67153112916506
27.21008291056031
22.129249606325782
27.548190650409822
24.96721618044075
26.89878750067933
24.22310767554636
27.196997442356995
24.322385216557123
24.293685305972172
22.47310899754089
24.896723687607697
24.706219553660407
24.681748055472685
23.93458153446496
20.609367007811645
27.779038972450888
25.991097449329985
26.189252105616593
26.815804488747105
30.086968819600152
22.719708805031367
22.68000382133352
26.181632709769094
25.578002058033373
27.59179452689374
19.91943296352456
26.339724994826206
27.700510734721792
24.273708458517934
25.469393511855614
28.29876774996346
20.655358947218595
26.11137130115631
23.902430543039475
25.298436150241816
21.728994552216996
28.79882825551007
26.48453816878592
22.205866875334905
29.45442703931341
23.48938167417325
24.107100013955314
25.137536682094886
26.168866974481322
23.57152907942001
27.200250260226007
23.19055910310146
24.962266266716416
29.014087794690635
29.920129204805754
28.305601016218514
26.69168287805777
24.879913339130724
25.6196381737051
25.672084331851316
23.69890937863411
26.683673559635437
23.002499086684846
25.720833750319155
23.867512214390082
25.555801352438383
23.100580938215256
29.626570548550763
26.518853794892678
21.242737223253656
24.11058240838168
27.854761124795413
22.48580065937082
26.65652807954874
20.156865520907743
24.9240663365651
25.6162313952266
19.614679542032608
24.60341291939581
22.7002085518648
24.59217204676331
27.926567567337134
19.672368334863485
28.77282675470028
25.754821521488022
29.611017771241862
26.512402663306478
22.571310830359728
24.596943597845424
22.555659466532944
28.788378165432523
24.18088377752807
26.110783062204067
26.69600010926125
23.984628013746725
30.3601030652941
28.932997749552825
30.10390100792573
26.842549103096754
24.819564508600948
25.85716037606256
25.33200627609371
23.536514554047102
26.381579420117372
24.382444622699346
25.93647383342076
24.577271427474066
24.367834297364922
25.267968681533844
21.94547169617139
28.137291113094896
25.36469931340774
29.17738704269216
27.617300012972702
24.068828839969807
21.84707553493448
25.684549976278884
26.35512629467898
26.70445405436636
24.243937378371008
24.74683216359629
23.25790276623921
22.820096402418134
24.59442707622926
26.319096453712117
25.239532789160535
21.70830833198144
29.382979446478245
23.92729864590866
19.646938640180085
21.236415244988134
28.39585311696352
21.888144540261408
27.90983881997446
23.135774908616927
22.67248718480463
21.393892208455398
24.82729730612779
26.82657754749628
23.570959595922442
21.470656060433967
24.852355087901977
28.0328460220036
24.325640390895227
27.295382409809445
24.54037706130162
21.31014462010593
26.725948536783974
27.61003999709463
25.36489392237855
31.001200816179534
25.08616090611709
28.280640417038292
27.19950277972822
23.445968966862228
28.347126267891333
24.557646378319824
24.331365702677243
26.925190990322616
23.833053572905687
25.254461594897993
27.492139316766252
22.4771639672152
24.871140269127007
23.019003512917894
22.753638070491995
23.497491252676465
21.870350768292496
26.558477124565208
26.60540865673026
24.197347652792065
25.051366235026595
26.666345702548316
24.469223531327753
19.066854352952056
28.21549864488274
26.245916966408966
18.766000683869343
28.155711976530984
27.392031528055604
24.783069396860224
25.43563674353534
27.92992749268587
24.094085927974742
22.729901675856507
25.261478900542848
25.100584919668822
25.23438105793575
22.434150098579934
26.20231291702447
27.211695436463035
22.907371285589203
26.904215369803953
21.42379449830255
18.45095516149423
26.702284746006153
26.150802179943714
24.546946679451764
26.55223912660285
20.890350050728184
26.7182997034178
31.728629358361143
24.887056879086714
29.9158647299162
23.126921973691342
23.423191704776897
23.79410417841858
29.646210435250378
22.077818563494134
25.671341496931277
25.502500193603755
25.08778217371264
24.52641872640745
21.520472429018337
25.35448123696767
24.076048341959783
26.274557574330846
24.147031223965364
29.139602465944858
17.342889477128583
26.333370092783216
27.361903361719367
27.830054327924124
21.21902513752069
23.146520744099103
22.144685511313103
25.678160577291123
22.70846343745228
22.59661921029422
27.170942308216627
24.900326614547588
26.66574374291159
27.325314169865855
22.147111433891713
27.306602390552825
23.56611146575876
24.03653701931423
22.64348232310868
24.47700315095429
20.746979514840536
25.13265437672134
22.57368865434136
23.82435271394213
21.137872065960313
26.51900382412155
21.09123591603167
24.822426950286317
25.48360083118899
27.714811230522816
26.02619568785028
27.99679535732574
26.281915649146026
23.910955238600224
24.064870195978003
23.154069289333215
24.84669003951717
30.869313961571727
24.891219721375517
25.24187312488967
30.46917460081908
26.998209596817308
23.21973609972872
29.63636618297518
30.275780886678845
23.63081411484682
25.78261226875253
22.051033504682405
27.411055320901927
29.832247263934544
25.243767211988906
25.09379187155402
25.581789227739684
27.14377388481655
26.220397746882607
28.46787690748051
27.52887125650495
23.441144530255972
24.19901984564851
23.489070743833448
24.329340896102266
26.802979325682347
25.8362211250429
28.152779692340225
18.854232262168306
25.00869906029076
26.73550650056542
27.140740969368533
23.949494743622147
23.231841133069373
25.718534330878512
24.783438436102976
26.541715825323404
26.961291276395713
23.478351405285814
25.57077027509224
21.88568396923796
24.21802805614262
25.417372966924063
27.9780833187066
28.73953423820452
26.811416989936976
26.329621943336427
27.169422133926236
24.65103375709565
28.478769747239355
24.183973518326866
26.029359682962202
21.471046239926803
25.931516114785126
24.81797048806704
28.77685469898462
24.60933896871781
26.2317070959523
27.641426521100588
25.18857940795062
23.1490566872239
28.30966715367264
23.272997792376042
24.679583096741638
23.415108806450657
21.650006751745757
19.793827037715914
25.847113937659667
29.70136887595832
23.580850633271
24.106310213307587
27.423591514191685
25.113791109671695
23.307515243999177
22.89991159811934
23.091702083531523
26.110127795188305
22.131863930761632
20.86803012320413
26.294047673577364
23.99476425766117
21.234926355975922
22.547126071482207
23.090709440687657
22.75354283468923
29.30605979583058
23.524195647681527
25.260956795783496
26.36086586847473
24.42479783208284
22.67663291671772
28.182469905180767
22.38571951660006
23.907064598557344
26.028760852850425
25.084613612376153
23.43680700554943
26.115765680462754
30.082394464264024
23.23537176870211
24.533122549141222
25.451690539868483
25.216054114895645
25.99843900460695
22.259582059365464
25.88001590381756
21.257725349163486
25.901102346421737
20.32949575409507
28.004315136094878
26.87952879214646
27.513117797362643
23.932592182658585
26.448895693569227
22.60267653522184
26.748293104214586
23.101992085360585
27.19890928011243
25.108461024202008
23.71402278712702
28.423095577575168
25.57890310949113
26.272131052850494
24.867727302545383
25.657889004182575
22.488335354435833
28.003930441034967
28.331017307287595
24.206015088410766
24.603379530423386
24.471475518011268
27.167585140752408
24.509665320215564
21.472040127792102
25.21094313328543
25.29122051798158
30.20332470178809
27.373418784421936
26.352305084770467
25.072199825427845
24.34705940347822
24.02433390863451
26.64686248386796
26.32392885066474
26.2942792275135
27.116983186781667
24.711561529381935
28.788465245170485
23.65496620172486
26.90812997135063
26.861181575182982
19.629464323924964
27.290189104717715
26.759439057062824
24.53911019556234
22.10355825920888
24.726186463387645
24.24885629327134
26.150568693951747
30.070836613623467
24.159604772019748
27.392622119348815
27.95551280810498
24.640104261861122
22.61751489041787
25.13699579948665
23.27728033665038
30.21494202932904
26.249024147238927
31.4844181455514
26.986821964559564
26.080227967787707
24.889643662043596
32.64644176812391
24.65303011203262
25.063286716311243
29.962620661999853
24.210381575253123
26.64493644803562
23.893217024051022
28.050689135873853
25.64183172749219
23.490684696925392
24.525776440868075
27.49466471069113
24.42538485856062
22.80999488509165
23.503018894587147
22.978799693782307
28.885120450619176
23.093521594821105
23.557147443082386
26.651650968653424
22.60363378558851
23.86528554877885
26.27193176105373
24.04133292216601
22.26993591822003
22.826344756675965
20.854588365983176
27.489449650046627
24.684630439891095
25.97378383584047
24.413511407384732
26.854337238988013
26.78027184772247
21.285624427417893
24.190383830367235
20.414054773638107
27.347599234568026
21.99092722130285
25.45229907698585
23.549799814062794
26.15172911327303
24.165260158496427
28.766494419932446
25.030554947241836
22.5150510329395
23.81616466910951
24.778189598857573
25.12963619489542
27.640949321190785
25.84456772288053
24.914754779658015
21.990495267812967
29.33587346808905
20.600630827786162
28.697928653882325
26.937083003326727
30.007174535737796
22.332728007995993
23.8443524573878
28.088485738044046
24.873421999040236
27.511422489604147
30.47157617457506
28.410707252624217
22.420672387428485
23.85545107039372
25.232220106152184
23.97612416252036
29.369143802439694
24.024081076272726
26.5948818966351
22.68321386412925
24.29428489160886
26.757832695832022
30.825989605360206
23.103305488533714
24.638760040754175
27.708875619218883
23.274299949432944
26.562324164254623
23.949138255090183
25.483496034446198
19.888001442667157
25.205969085253372
27.522699327259023
26.10600062560556
21.577984552987918
21.746860172361227
29.084128647279456
28.345647714539
22.923031944145116
27.428383184642424
25.917655847756976
23.31863182223015
24.760700978292462
24.102697561072553
25.765037110932724
24.700904746033444
23.98375794559674
24.193724341938665
24.528405060561102
25.524521311935917
26.111648031775974
23.43922806530496
21.042804679663718
27.60471400925185
20.6555562626407
22.99171085555287
24.871041620423597
25.275615332757667
22.78551445966448
28.148629387460513
26.733521213748624
27.941750881467506
23.577653108299444
23.231234639963162
24.32896494980774
22.80217134295509
23.22922303999135
25.606990925828768
26.766856150228264
25.203872483690088
26.017153614973555
24.868327930411073
21.688541629701817
24.457161790315467
21.88761028955449
25.946875798323006
23.542799290091374
24.12742395859433
22.35318211091616
26.02030279796057
27.602083958103783
25.82007658278895
20.707511113595356
26.484790961558488
27.17167143683587
22.67159683722748
27.082201747319857
24.68886001650094
27.124769641244608
25.447330163871527
27.641121207545048
23.66105986136726
24.935235076042193
24.44448457552805
26.200132106711305
22.28070928153814
29.84106939441303
22.858074451214637
21.46223862086348
26.89077960197007
24.056855899546807
25.66951881587598
25.390783740685432
25.91979118365204
31.651105762471126
25.720979941671523
24.735947515690967
27.211956034258616
24.15737354827247
21.564259724642753
22.82632715498498
25.896794647870948
26.735438748231303
26.611879368386845
23.669196204469106
26.992918480551285
23.88583573686393
26.75108682432482
27.608933942289045
25.006722083636667
17.770600440387387
27.36767825510599
22.316831720351786
24.95436729062449
25.49855408842761
25.962896205510095
19.15775968243957
25.50415497006343
29.080802858443136
20.061027952856804
23.159628078690023
26.15632377621762
31.244373554722532
25.878777163010522
30.759757737260585
22.420849928416672
25.630510205191708
23.475787191617325
23.271055054469567
23.76998131420302
26.31173794681438
28.650898912810334
28.18874710583057
19.247521684019915
24.773241955133237
20.838407640101426
26.085403650142283
22.719677649897726
29.73345655865182
17.71027428702512
26.266132240022895
23.718370391679006
23.7034265919189
22.333721198187636
22.032629860734307
22.365100303186775
28.618034936144273
23.70950629846375
24.560984991677135
25.49010651006283
25.701093811663345
23.25548201916183
29.639884719007288
27.317556719923417
27.234142775700736
26.25354602689834
27.508838218776955
24.282650603655988
27.60758951106228
23.357774004789203
25.73666077840423
26.362735253312955
27.10059119149865
26.316218611720277
25.590069189613864
28.66248374026993
23.16974246991441
19.925324515536566
28.545344307246285
23.592264847814036
25.213626515145656
21.96121416851716
26.194655224965917
22.082136896551045
22.973671426390773
20.695795616915046
21.14156600315726
21.627151959432215
20.96350192202766
21.202692542883437
26.398620033899796
22.24948252294525
21.771258040106478
24.556196390749044
25.788290706337214
25.292495592271866
24.616953175210007
24.511154613988744
27.44670638294276
24.72161689869546
24.63726991715835
21.103025643418626
23.415654731290488
25.022830299082816
24.40955423161934
21.643480336577195
30.68811937989238
25.073895283366877
26.793092338302888
28.234218980096152
24.33544290681772
23.72755415524543
24.30154089489616
26.938672348973263
22.468874075428598
24.656461015236562
23.496798057953278
27.860393095252046
25.356860213632178
27.860571842242344
25.503259404548842
28.120186547257607
25.76362956062334
25.288660732583384
25.782415051343268
24.61865122576677
19.200749388437156
27.617303247182136
24.033654785164142
24.725612772848248
27.590706324458672
26.649239416064606
24.049270637581376
23.216282844188584
23.89797900540037
21.25265286389196
23.73682036685293
22.526275984557135
27.389689105088106
26.580330146602535
25.456057061236752
30.41395422221043
23.44974733951821
24.834779287475357
26.923267182906258
23.67581482721458
27.82937269200298
23.805187455977215
23.234023086024735
22.39594787377653
25.967227691775623
26.30135660589392
25.891889312599872
24.987539767445917
20.635797581575524
26.777434432859994
22.969181449525554
23.463400938684785
24.963911129875097
22.168528744500357
26.907363843224672
28.082123942585927
23.302675492937354
27.038210667831557
26.28261261579878
22.68044053916373
23.234124102264932
22.559552034440394
24.814286097996995
21.744883709367834
27.732795285415317
25.572459929401276
23.674421087849844
28.138664959807944
24.187165798279903
25.07885497328224
25.938107095288927
25.61823775192089
22.269579866852443
23.568381003127296
25.72192488359904
26.696135670201866
22.259028449231785
25.35106900781008
21.614209218335038
23.912986067270268
26.980269767924884
22.066504131205182
20.808113873011894
23.39421717136805
27.91490375007729
30.24612018652305
25.59848361723215
27.119041590093133
25.122424467201917
26.615908542153786
25.20119637280396
23.29012447382002
22.886032983208775
27.340386315116124
24.238320550545858
18.16405130302258
24.425557335240327
24.021509961601993
26.762838428825404
28.822106486150016
27.43842075223789
25.289751948572725
20.321187342591518
27.91582896052877
27.421923161924816
27.953068873721026
26.103550230368025
28.863513741713295
22.63452074482842
29.36226711996664
24.291851953173246
28.148373777331347
29.551308973691658
27.44703598604869
24.75588963469406
22.33170320530481
23.51265483385435
26.60968140437351
25.366906849734498
21.242311034241865
26.077053473428816
20.37494715982334
28.25888480884334
23.630542856630566
24.221520024217476
26.035910953069227
24.20771163438296
30.0474492354146
22.80842607025792
29.527755454498703
26.75309313740941
22.774330334249335
32.09383665393987
21.641034635043766
27.432471130460552
27.308105577774086
26.794902874129207
25.27204934935176
27.451515000256506
25.185809292476378
22.96014431696202
25.60096106900723
23.64084264548179
24.012753960790686
19.84634568675209
24.75692166071145
28.750318005595698
23.950685847820502
27.026954702273617
28.06040016963286
26.862056788272
29.507331421058957
26.173185330085428
25.309054974011215
25.77833486831881
27.644513400468334
25.422904494938933
20.464205581544277
21.869254300366077
24.642204066873205
28.08310946585611
24.998647753160895
25.087981477496765
24.231372491983414
24.69544403339914
23.509171062451216
22.272012455633636
30.700364841455983
21.49528311146813
21.527195276197805
27.687002808309288
26.770754627504335
27.92634729029387
22.964109157527876
25.224253855223168
22.42295519950774
25.9941211732533
27.240582037247556
29.98891448067374
25.52291668543153
23.543341413437034
23.40575445948425
27.109213778950675
25.832337035984327
25.37204669777626
26.860962263080317
25.16420132952201
25.30671476134534
23.36075447253409
24.102203893369698
25.39881236537848
25.765198077354473
24.83937750481319
24.64377389384793
26.913202559893335
25.92521753536111
27.106235315930295
23.81326309624953
29.60096674795789
25.48853523117836
16.722947210847057
24.92107369520789
25.265709409160333
26.933981201026928
28.139132791788555
23.500985303916284
27.734607346006737
24.60119237902437
25.199858848536582
27.386595539901958
25.55947519874221
22.40333189653159
24.376754192830234
26.102184391283036
26.237032564850082
27.527761956565033
22.783312508858728
24.503038021937208
26.796684845775427
18.42413874999505
25.450454487251424
26.456838156840078
28.417221178431745
24.98779834887149
26.532998922613142
25.209058009305206
25.333434924793586
22.570191993749756
25.609135318957186
24.320100139587254
27.13642188852533
20.39706613054393
26.42247856246047
25.052632718781823
21.781120452730484
26.069589919208404
26.462285539067544
26.21052860943163
20.56381401420493
24.962093442954654
21.82881844986362
24.566790396544267
22.20749940364954
22.77533239263182
25.158536544932847
26.729535679750718
23.387007087481155
27.331929999078223
24.95141057726084
27.254606195637226
26.5988602638253
26.608003504402543
23.722569542828207
25.417340318815146
23.03095277613759
29.66440002140098
24.863885094404356
26.98630933772689
24.97901355320784
25.672980303185305
22.669722987913342
21.630768623939577
25.540431241149495
21.774405319711185
22.259865746778683
24.45404536638811
30.080281190028213
29.86493770657218
24.89036267310083
31.729317796205308
27.936471754267146
25.704203150622455
30.07062024111866
27.26909228059305
24.8255977957441
24.976185738410138
27.13900960398011
22.46100211944269
19.068851378004485
24.46817052935296
23.53997223942833
22.67200687323622
27.59884096023301
27.39234032710075
25.51934258824154
25.697593623574623
27.70079444150953
22.552455113832114
23.583518702491478
25.546019340767902
22.99947891633298
28.23050174139696
25.2450818642596
24.06068950987858
28.42089227322745
26.35414521669769
26.211482221497267
26.555010574154043
26.023977085677707
29.22823869294261
28.52695860279853
25.80333701570862
23.907788172410005
26.231116667852863
30.055437806328694
23.042257380434858
23.016391988497578
26.60972878426119
27.047732108168812
29.107803044973554
20.17167471831358
21.254300227294255
23.553399964117453
26.001188639283672
23.450993221010453
24.05367488119994
22.463025305956805
25.635563750548503
20.990768285553315
21.35207583518786
20.695274256400346
22.696881405090412
22.507513927805647
28.053821625173175
26.5910412574135
27.04259579433823
21.97313307907779
27.985007559402543
23.018453852951428
29.52419943793297
28.06337710180218
27.611946272059082
23.362926885400782
29.64281152604724
26.065636075161592
29.408512988363523
22.034890834231174
23.458220610535367
24.779759541866984
26.96497815519816
23.36241553433118
26.278674787505444
24.576494042195606
24.714070264691124
26.810834591654164
29.432993872019953
22.394193125734212
19.506004914513472
26.59782532556736
26.37418325906942
25.904745986284222
30.065239770822767
22.930736233132208
20.799260522807977
27.069113406554838
27.08505202466416
28.10340328959109
27.119158081998563
20.09792216209257
25.783024192788652
21.340854989318863
24.02507117696152
25.898878491821346
23.547205658246977
24.60039426501165
25.0098110289591
21.00902770742938
21.887872458646388
29.835949709737037
25.830673699380732
25.318195361006612
30.42100534418516
20.361971700030253
27.169289610186745
26.051750216167093
23.921228337627422
27.59972353711178
22.25133360516583
25.152711360506487
23.206949726399483
27.594771735484805
27.551723714604087
28.362465561426248
24.33240865275667
22.207022161378745
23.034812847937186
28.93585856632076
28.817024262387406
17.180944535231042
27.777903218505266
26.930851833088106
28.90279257578417
25.31441674771483
28.07406447496682
24.674297899942903
23.587569058066112
23.164548423337013
24.175858756918768
22.725466492871693
21.77713629841826
24.79920954098587
24.700337271651165
27.491129933154355
24.828164140889623
24.90538580454247
26.838663533844755
26.631442163716606
30.281913637855272
26.573603695154876
27.364474113254804
22.30954593699539
23.659495231673564
24.462838751419522
27.93334534281294
25.864231337645936
23.068058842084884
27.911965526187355
22.03036384082349
22.131494622037682
27.487480185819802
27.34430372280856
25.969618772797862
23.067995690490108
22.971521855728128
22.659355035145197
26.821490660349966
30.249551092448076
18.510696865178762
28.900117429751003
21.91096997029313
27.979594944387177
23.408350128783866
24.98332940379462
24.445504212680227
23.77281687193556
27.264243771618315
24.52425963733315
25.94295653915708
25.124301124983866
22.77690232591159
26.52401851783641
21.300995850942215
28.34318757112102
26.488982739544632
23.41984694591506
24.760018738852875
22.968379017338798
25.377384773116887
25.33325909405441
29.58285719052124
25.500035866933874
22.294419939034835
26.95915216837556
24.98149775990374
29.83500537656803
20.616182146427384
27.450403551307495
27.248471520616828
23.814156099507805
24.776802373895077
30.38390836040612
25.76022876430694
26.36006028132385
28.439385121334155
25.32437175935576
23.130930799845157
22.884742101631332
26.273350813720654
23.779429179491856
26.086800224238747
20.692569724351788
23.732190549492408
27.63755045851566
23.148396840956483
24.899072335943494
26.86038827516696
28.52776592733441
25.127993946349886
25.774912526973157
25.159662882036738
26.51524103634853
26.368037163210968
25.32303391444669
28.871867127540124
25.107667823576016
27.150177386535017
23.753538727336405
26.87177642623291
23.935545715336286
23.58897649752238
20.38850996683998
24.53442485926109
26.565763589104204
27.253024283817428
23.203673995551753
21.910709692155127
17.159699086941558
22.625767601016204
25.48419966760569
25.907159603272394
26.975747622119677
28.18225107959008
27.061565225655002
24.498586283853243
25.29074754364018
18.2914530778392
25.117295342362638
31.16051291835469
27.362565787928773
28.293755356878314
21.54084412620465
27.516681713297288
21.44052487287053
24.876333818885804
29.51062078207691
28.187715131033332
27.113916395118892
23.865520876646794
24.641463717975398
25.81816760091477
19.347564235331166
25.394232954029338
24.326362325172997
23.009375261070584
21.767173618223516
25.160250497053205
24.149892331262617
25.947359005994294
22.486865816605885
24.5577456365095
27.00173780338222
25.111210284096973
25.429205382586847
25.21498874683123
26.83095782200213
25.49384322512592
27.795693125795328
26.008496183879053
31.39545879095891
25.641789804423013
27.38754927659725
28.882206341163744
23.59203734615991
24.08041539371273
25.33941511460837
24.551065455212065
33.11302138671805
25.87582325936042
29.40859735632463
23.324500427265406
25.02797738048117
27.702208827287272
20.89801958847304
25.18870591671479
23.147977992986903
25.778227278256608
26.02283527053792
22.30093224506329
26.607906795630637
24.311844766613138
23.22406620172941
27.263449409217625
31.237365671419983
23.35310660029895
21.873877806160806
26.86306829614728
29.285161137185014
24.70691532039378
22.696965659224738
17.54391901855432
21.02221373802928
23.47022693133541
25.4169544226583
22.8624772522805
30.55119004692418
22.523658297486893
20.33188387498188
27.38826068539225
27.732923562649002
21.81584261963077
27.329393167963943
22.917018781889013
21.871522153967202
28.620775053807396
27.0931593873607
22.70253888739652
23.96650978713364
26.889511294972166
27.77604199967831
24.878066301416478
24.91075115959505
26.868337185280353
23.673461275895317
26.957185869320817
27.047223553450156
24.681369839291047
24.018823725248243
23.74231642403791
23.585192161924063
26.887587337896253
27.79293848854304
25.944167286852515
20.2260501694884
21.64033003879605
27.675712808062386
26.71058315491868
25.677132972967033
22.29718536454134
25.023660050338083
23.079330088389817
18.631163270110697
24.73175541033905
23.38376320318019
26.269341196948933
29.552079220576097
25.9190067909087
21.969599276662297
26.442828354792088
29.76520831270929
24.115112318279905
27.538856037215044
28.406388680058473
25.73695160168199
20.687612226311202
23.23348258821044
28.700354989922754
24.980102745985448
25.691996000363307
27.55580243988328
26.651241865481012
24.914308824900033
28.793196671966648
25.80066235184186
23.685631151680237
24.076096940606536
26.996030882347373
23.89817294371325
23.677930292735688
27.388161582960986
24.816430004948277
28.08463940456863
21.306510871021484
25.775331616329748
22.615290573125318
21.787510411225597
26.390556709676247
24.46897691302191
24.9568239421684
26.915991272070038
30.636884835570083
26.767954945902506
22.073882255794544
26.881709869873415
24.533973406981456
24.964965849826
23.968536176261416
24.92495446465653
27.260055260038563
28.341103612887466
23.057609758257698
18.61264663369422
27.921244042596832
22.834275509559706
26.543082708880636
26.292571851551934
25.9443461771793
24.29740233534701
21.57516020302893
21.176258417759996
22.82438278010651
21.570676642601427
25.43143418270374
24.91816401296508
22.05841351688572
30.116543698694322
28.089114804280385
24.928686214385245
25.521828520276934
25.318091328264703
23.428677202947558
21.60416568203635
24.937202728729464
26.889668973437363
29.01561510513781
26.318438455245158
25.733754885540126
25.053798019618796
25.63912063344378
27.83134893874873
26.048491393432073
25.854062819780978
25.820908608014335
26.691634489467084
24.541982594346578
26.187080637384334
26.605841407456893
24.84522374384751
23.175484223581254
20.636699293520675
21.758833101001223
28.368101636191263
24.045283726241262
24.57724173366799
22.606053448462553
22.30607860230735
27.086661755792562
21.83868524004426
22.437129717357028
25.05746831527094
22.491917928811198
21.668782362181496
29.23699920324687
22.00532887540031
24.977549027507084
24.78189938687526
23.287715214704942
27.357517808877677
22.825602621759188
22.049554407027948
23.63503137679783
26.286711898999908
25.80275986821899
23.231208944246646
25.386590623023338
26.89442737494916
25.351972773687663
25.03679663158546
28.08695881283842
28.76318613792638
24.84518765838734
23.72513196962395
24.09670774143704
21.33062481473661
21.705657865316024
25.076321759139052
25.115008054945594
25.804775733614576
24.245564594185105
27.042804296367343
25.926357921979825
24.95482352033839
24.14289810189718
21.654516613393902
20.506358615079325
22.179302410068647
26.238379448945665
23.289250613042004
24.625873334123735
26.519480514164865
28.479884525003087
28.559715033045663
24.332109451363813
24.114191442387906
26.660252569448655
25.04996460642367
20.934993777576274
28.474450387936912
23.115780298800825
24.63104490205495
22.162212911256486
26.725371461219336
25.197974546798932
25.856520138216773
22.737903284799255
21.858227889307955
27.309882850809174
26.394704504956326
27.39519996819515
21.707012227709722
19.125039993152214
24.1083031148608
23.741889885462335
26.3202916427494
26.80085174580776
24.1433679086944
28.563788978279938
20.64964976602983
21.484392857051112
21.69007487133054
29.044743603027054
20.57479675386856
22.86174403799182
22.74098203465721
23.254414632483044
28.65958966436736
25.444272589433304
21.675576517098275
26.12743708386965
25.665116504939768
25.735192541107757
30.33474531131605
30.785026579378396
18.866638249331523
26.833619801193578
24.225784210250747
23.36090813835418
25.936046498137554
20.83218406847272
21.966718465321037
26.074332091368458
25.8094964038021
22.50112843806273
24.74333370846695
25.11596055543721
21.700058613922064
22.37502542955937
24.48074667049678
23.182060691355698
28.072231332786686
26.723370163343986
29.000321838949695
27.30078005425563
26.48044152826131
22.228432675866877
24.7218094204741
24.22321357771244
26.056681716599815
24.680338570476778
21.474543693933647
24.01519330253376
27.258890535532828
19.58919537356367
28.97604060699008
24.492874356765633
27.065365973259997
24.021049561812774
25.487809719976678
24.499338103195907
24.091589093603396
27.531088610141047
22.946769115507156
26.859181587544764
23.006026377859563
27.99287925977477
26.283914777672045
23.889576693750122
22.236749324158364
27.49965288036907
27.569869110598415
25.78652897532605
24.174963509013008
27.489975694803636
27.07808750561214
20.89218116921333
25.378174518323593
23.87512913900259
30.7871559147541
26.750437437964003
26.184604075724838
26.414881997439164
28.056861913751312
21.579660511617448
26.21374656397998
22.962741857573167
27.531230556861217
28.614828617522694
20.81524017877098
23.593433561893427
22.88059535842634
23.701918746255895
24.20624446449318
21.325474597124142
25.48885252769094
28.291887536831844
26.034771760148473
26.964147172323635
23.662617092551713
24.36042628032571
24.357552655521626
25.011538575694175
25.938772204134963
22.81687905362635
22.19743824286964
25.725140306146294
26.19869668882098
25.549983575589888
23.753367255944504
25.721626034073218
24.636813056864465
26.536116762155025
23.50808816518167
25.495999838696793
28.275551991258848
28.59901019095682
22.09498668207782
22.157142231962105
24.201021474601582
22.709409502812044
24.989440639681618
26.828822435142566
23.946068991601784
25.969457692802955
26.39584958430257
25.00134924143857
29.76832559803149
25.7234859887361
21.2202555425232
25.486705325494174
25.24990861677989
28.11507014465735
24.356902406356408
20.12753392019159
24.34795021996866
28.237854244585808
25.204395002680933
23.79624600265894
25.80804514338028
26.02143075336932
28.61224662331317
23.81191801884118
25.27508275877496
26.575482940957293
26.52810461175252
23.499916640236446
28.16853383420306
26.704392964731074
23.174570243289907
24.97837399972217
27.547199789561333
24.30609621938726
18.820270672834223
25.08209781125127
16.180731461365845
23.157866385230147
29.225129386330437
25.316154010856767
24.295284912186926
26.795323182055107
28.635126854143788
26.283740577406355
25.799128425862953
23.50427653049187
27.818452524371022
23.90070048459624
27.206549349903987
30.042495730971225
22.045433600020402
25.744533842252952
23.790473669233933
22.12521740662256
25.530591528856768
25.103428682281507
22.85038254689024
26.222105201177804
24.74635726807359
22.24106960621398
24.665859255797912
28.981384382347468
22.582663511440046
19.443707430880295
23.34089144304971
21.549818015681645
24.705305206984708
26.456840723687588
26.795986758821417
25.573015166771132
23.773212314106033
28.094326861540154
28.779021607261672
27.902298078709325
22.69375507921806
24.188193394122308
21.711177020850087
24.861072240038453
29.27359749271906
21.99392756527112
28.942061927075695
24.162913012104397
23.880474128039527
26.11471986700282
28.047342193219833
22.376906887273087
26.132660398128827
23.911233893135577
27.147580905981552
27.759053213857786
25.011015933786627
26.220683823757735
28.23001543167789
28.23705365979103
21.580573852220112
21.95173744446499
23.968956601392154
25.746055311520028
25.429335996878482
25.390334675115827
23.020662279316397
22.170134672758703
30.463862415794473
22.862128031524897
24.89096517477299
23.331257030420566
23.54519534873036
28.29092839898889
24.71690011396627
26.96270375320154
23.06740770858535
25.822860176511334
20.631633851819082
23.496577875770644
26.345118530717922
21.311088690081142
24.663452368060348
24.630916571841656
28.537467225829925
28.95542314481158
28.912926989578203
23.454631190873503
20.668205541091407
24.821342330977963
26.057100719811427
25.05233370817718
30.492909390915315
26.200592469133476
22.780368762754414
28.906520633688906
24.77173049137075
23.069822090075373
24.932919996672357
24.38322150138455
21.72845270598195
24.26266147136628
24.139315009131668
24.998635591515914
24.193344568679617
23.179206011109343
29.540508551670843
24.005029019792076
28.102103831988174
24.180205743339258
25.348933867336953
25.482114878934627
23.55198776779747
28.339277933899467
24.19231844034453
24.147851240300216
30.612193930454346
30.42363539183069
24.350235210412215
26.71945432483877
30.238678519785406
25.78159172725457
27.85449347959348
21.598060776908326
23.76282182630176
23.170515303119565
19.827707947312376
25.956219130817416
22.825253487084158
22.23499178382465
28.70450416564588
24.244507458765625
25.624737939215148
28.096236124330186
27.605988959194406
23.18812516123276
26.525680207832757
27.445711613588315
26.804707513604438
26.337483746928502
23.11821772186176
28.03820142478423
24.855844888659124
24.685679360268836
26.00279244824165
22.748024189455187
23.729362548000218
24.400170414746405
27.482002863560734
25.868666423433194
23.390394213082857
28.376473074621433
29.376318862063833
27.467946192093912
26.980671253643195
27.276887751301743
25.192983395705593
25.94397831909364
23.455632328104045
27.79425288456376
24.463595910280876
30.756360146348165
24.397278860507456
26.22601798729867
25.124211601832883
26.064829484598874
22.418290571266986
22.62719396897221
18.842740401906365
26.53306576236848
28.92210496946383
21.68782215032223
26.61849937273472
25.686418637304335
28.25577457103547
27.374107375855825
25.58676035524406
25.572057239000056
24.530493946995136
25.214038151818542
24.864768036952558
26.77974171950266
26.30657941611764
24.882118583014496
23.20307570909607
24.48213400851685
24.58253513207652
22.205578115763018
24.619239408543184
24.66562324753457
22.710229858056568
26.15640360976249
27.066112370306623
26.421627018852536
27.958826490390653
25.175206041400216
25.14876628227435
24.4126637807408
24.052271161406722
25.552712405479106
23.858411055546537
26.884364778239718
27.09350816937423
25.418659702305252
