22.766422364408026
23.158867996736497
23.93479886214748
24.008528332165824
23.21020990832463
26.40818654846905
30.64841448001624
22.11479758995538
26.45993250497995
23.894543709041105
24.80212183301692
28.686953538688496
22.22930283471028
21.666119594270736
28.024899838595655
25.36994988848777
27.361651067707726
25.24398493602448
22.035399209539555
22.54903491940926
28.15164862031629
19.82489742496393
25.032437966297593
23.40801631920668
30.63262579363183
23.133767067036512
23.767719411444133
25.49369594373777
27.496753613918298
24.798046155646027
26.735041935331783
26.76237925851253
25.48690460621442
23.158829333462098
19.439180451127687
25.663824838983746
22.511022729438228
24.073496882702273
27.02654711316663
23.415315954707793
24.483845426695634
23.406118097399407
27.206174879981827
28.066599240017734
25.077632025579067
25.147641801441555
24.797645764161683
25.407226468619868
22.861384181875238
24.350210752381347
23.744574986149175
27.084950023174944
24.89930875457395
24.488654874456913
22.12520428113515
21.574453001222345
24.812090568016693
26.362981254520797
23.535297581710275
25.51516538291675
21.919932385315317
26.770205261346238
20.67258898084177
25.7514017058857
29.012839590992805
20.833871378464213
23.550383869420248
25.23641450302209
25.4478120823772
20.718361925608548
21.96282165814235
24.413065007021935
28.6512707405458
23.378210005549352
28.80907906153972
28.035748391979087
25.288961394219424
24.399789962481517
27.011855022588858
23.805284164143483
29.067127844590974
26.61546057487366
25.55062447086045
24.440871350148115
23.60952265990443
27.393710599837323
24.572025711819244
24.112024413806076
24.94625514730741
27.708931356906678
26.617367016572892
25.025154976862595
28.151506454329763
21.890542867463996
19.74230817414493
26.934383633046988
25.891269044136607
24.469452349568833
24.935254215049085
26.967873173087387
24.50249647322899
24.758212997763543
25.270758426370293
22.670240843280702
25.372851786020675
20.628136484423376
24.688150855805706
25.246527376829487
25.665190598991487
27.357166481107836
27.426455531045725
25.334845445036027
22.601969618298593
25.246126881036407
24.950176897497613
24.185688254664793
26.372959680882428
27.943902574841783
25.295310281349522
24.642936777345938
27.352467559667716
27.812222834987594
26.138134129747815
25.432434685711193
26.26152898508058
27.81951229457875
21.369438297456774
24.63167619683921
25.908331221251313
24.378892306642772
31.8185005668429
24.513695120890116
28.58647691476866
28.308759408562732
28.87466384010896
21.037646361799492
25.71714951380238
25.765273306549542
28.74824670179192
23.079021683288722
26.29053248460387
28.91005770677108
21.875497470849645
27.080191226434046
22.78997574130669
25.501526901217083
24.466648000478997
27.83270410222519
27.71203583871058
24.543345256691154
23.93525786930181
21.978468695390017
29.830100791098264
20.454600200848994
33.17050711860499
23.883247935716465
29.577114017728235
28.103738562062865
26.033486069012458
28.15476885320876
29.099088847949194
24.80743521212913
27.77097254642552
24.759073725269765
20.88158602006559
28.692928925519972
25.806334277378305
25.04700723271571
21.201038905329312
21.118726888218482
24.93582498815991
24.615918565889757
21.307226277922183
26.51655490909486
26.09479572462829
23.276889335232397
25.17650851089536
28.859052631314402
28.025500485371595
21.71428681515574
21.627956298445838
28.417605894227812
26.06459168690397
26.42422650613633
31.067479158182607
25.386052562440064
27.095877229097812
23.850965330596118
27.165977701665614
30.847934729738018
27.27355481617628
22.368436613600267
26.136486608705003
24.635995491820555
25.116943009550607
25.639702025246862
24.269871098110322
26.17467461265405
25.08187159113867
28.197424298011995
28.908146097602778
26.540569199812587
23.46467652791484
24.241170754311973
24.243053173331894
25.342135796264525
25.34978927810849
28.948022131210838
21.778033481607597
21.16167964708517
26.947323369231423
24.293245489361112
21.16817422984886
27.915268364242912
24.54824392443655
25.998729004795436
25.341886510839085
22.38875112305421
25.167017884934058
26.34709633197587
22.199704117071256
24.96321110653034
23.025600717266716
25.21496952939216
22.964458498046536
23.41158464883617
26.026315748576167
28.509953084054487
30.06180183349116
26.739264035566503
23.435888782658388
24.8611290187734
29.656740548907653
22.95042494172159
22.498075193295108
24.648842679277674
23.968020783816247
23.398970828570395
28.542463879300897
27.730029003301077
28.57446874967908
26.25858104647663
24.74754565619783
20.140911334166393
25.50719590311921
25.010439471918527
26.289568545174706
26.57212738653301
22.40787723680676
20.346628907936353
23.921129640296005
27.042989484062385
26.479752697675092
20.209831289306535
27.405907748482537
24.17638035188924
27.3473894516513
28.535429795628843
25.58981390540629
26.18293348535949
21.79648343085313
18.758806252690036
24.39400437165992
25.18486146632582
21.6702305455172
28.043482321010142
25.858709091772834
30.762329183409825
23.503437726488887
18.401733174445443
26.70734121009901
25.481841288373904
24.85239458252264
29.382344592880276
26.799062077516922
28.04301263131771
27.757033554223355
24.56436433410897
24.02982300961804
22.926784821474147
21.279699155206313
25.985538670685774
27.411016881518414
21.222959464367115
23.589207206950064
23.165004225437503
24.1713032177661
26.572876782750733
27.28411219391214
22.314877382324088
25.267048334150534
23.095134375000427
26.755215669023197
29.155938229185338
21.417646297981705
26.101774148504507
30.395959895633425
21.725610060348526
25.245076316957803
31.711230318164898
26.72191536348046
21.807185158303028
25.480197030858516
23.137112993116805
25.14261260704794
27.58919985268594
27.42286126769101
25.236568718480118
20.442438851463095
24.208938865994583
26.997087012439124
27.628722888335023
23.941236472491354
24.645232666731548
27.35329629463764
26.066600582435072
23.803897287290283
22.81257889752396
25.852463654301047
26.160625514464844
22.281183555096803
23.73990924372396
25.715580345172203
22.787604704994667
28.01742661042377
24.09507322925791
23.92176448958298
23.928931401114678
21.63261613374416
24.496274473792077
24.97432247019184
25.748846317757707
34.21213061262305
25.13685276349152
25.165130339577672
29.50276352974448
25.387528214492505
28.340797117164353
24.40425803526048
25.869076535882286
16.13290382508507
23.015907934299054
26.42403152902788
27.13772764282611
26.627001497843743
24.21341635002641
24.816617910370404
22.13283406714931
24.530757832923115
20.99014053378422
22.235430106444934
25.75737715317997
24.593482349240432
27.651723893374278
23.53969513221503
26.42372625776891
26.728650644572895
23.615338445594354
24.704835639903695
21.061064433002045
27.838912387170254
24.062044966629763
29.70791367597108
27.621738735452322
28.14051838664675
28.589223406363818
22.479081097427294
27.73546204150154
23.428720291928805
25.487421431873738
21.934327544950392
27.031197014374676
30.666025354927246
27.43752892094121
21.888435193744478
23.19718247929903
22.51410460031973
25.306583663880375
28.658797553822005
28.037143137295836
20.791845056042487
25.123234494035415
21.032798418771677
24.72285946067539
27.91863467429027
28.562728803139052
25.620373902736667
21.35499417232723
21.78262646539895
29.677893278529492
27.687108095248252
21.06372630032816
22.45199588221842
29.974229173024092
22.85979521153145
27.532410808319437
22.27111687988593
28.886298806498374
22.929624423636785
26.790668211964828
26.39512405747327
27.73053885312194
24.46524672575425
26.210785949732657
25.189824617873608
26.33454212687426
27.64511283102127
24.313833097952728
23.490836662673193
20.80112794198717
28.532129906555106
23.84958766166673
29.997769277750656
26.720580496923034
24.216900677840883
22.215505493031284
22.81747025703581
27.28892290842851
26.147384665641294
27.03134590038485
29.17780331841437
24.004109603929283
29.416475688960734
22.4645730407289
25.110941862041248
33.09470871306926
26.192487076914254
26.04682458053666
27.606619180671746
24.88461446763734
24.33605619537742
25.509747458478923
23.81538966224745
22.582107216350366
25.0407483817747
27.402678034440434
26.945149612479852
28.311017966350512
25.228640263649357
29.735227409364306
27.047541288851136
23.63160391551678
23.1737924102383
22.911527608855057
28.07698674203056
29.181306209958706
23.12286487147924
25.708484268045897
26.061296209233994
25.082817075259438
30.03139371131253
23.22252504076328
29.01791862287211
25.29346859873296
27.87507618766615
23.077005648685535
26.23251460769091
23.036608975894246
24.796158169807008
17.487155864384015
24.696556997721498
24.665787488846966
26.846129040818017
29.60974350647541
28.6348852124614
28.761999669516772
29.045935666053165
24.74535174955863
27.521033852103223
20.180404810322276
19.85550742117622
22.729227978494922
22.974528259328284
26.83130444910051
27.391305104416897
23.96850617606384
25.185731217925486
22.39181940769263
26.22831356504033
23.39245716168574
24.094400046833794
29.075278390569718
24.783096459208977
27.22350446912424
23.038880953158728
23.715103322060372
27.143307621707237
22.411515118050843
23.577504511967376
26.293481245935386
25.20733239126047
27.18393090462366
25.0458760185601
25.744788340875438
31.37189108423335
24.837775822488247
25.05117676359683
23.20043659652522
23.800760061352694
21.094932286021507
24.308082045558155
21.022591705901306
24.4404099692124
26.453696491226264
26.58475001249375
22.327568956012616
24.720530693086733
26.942029667994856
24.50840135205661
27.193725610493342
25.14892277770905
28.91982682121213
23.891779834314956
26.143624633092156
30.01776384091381
25.98096638433787
29.517647094264834
26.56862932150971
21.425094119381477
30.74673143322136
28.481990092340563
28.153888291902376
27.255025679023007
26.744287733091987
22.626659703818316
25.30227144774632
26.230897123663286
24.08932587313453
25.614605166400477
27.941120871671146
25.631513563540217
21.55624432774374
27.523886183633184
22.149624969099236
24.16487625954028
26.71484861964702
25.309499664704934
22.193928003798923
21.784468603761027
22.144589307258638
26.0789581461646
25.764929401315293
22.256083991422297
24.596680771569577
27.510851385779024
28.865684634261314
25.51249261955751
26.891433588640954
28.056824047985845
28.088575023202708
27.534898154584074
19.57656632863031
26.001275264334925
24.698182489989033
29.141838941105192
24.123677528687086
20.329701757090042
29.68346325772518
26.231012519481915
22.68449090066079
26.004214956156613
28.003819587366813
23.079187750990783
26.549545759364175
28.535895132202207
22.828725608370483
27.87724622473536
24.293550919627386
27.106216072488724
24.653971905551867
18.497484422667583
26.3944297420374
28.210702102965975
22.17135573425851
27.703257471872448
27.21237244860929
24.28100635888525
25.31413474129843
21.520277140929625
23.633538891019246
21.614223806765903
28.13007609182438
23.1188673867353
23.33318282153204
22.659971872105345
23.19578157728516
25.263030473944788
21.5662954411702
27.59788678267433
25.196289978748975
26.205490534766025
24.50656126559569
28.05220978366752
22.94023348988264
25.61456560337961
21.431809867432452
24.20332738546545
20.777772227467327
30.079230256282685
25.807877963574427
23.443305423669152
23.97998286999549
25.50275811352281
22.27244104127048
23.733952499964435
25.180093625122424
24.919919923559895
24.122347799087965
26.878012649814618
30.95145489134784
22.325260879393145
26.765897043371822
27.3259274736566
28.481502122367534
24.417986077710825
26.459339958271098
26.49508111872907
28.201574914367644
20.265003384104315
26.87467406804348
21.710757981448626
24.693905910575037
27.361021253437404
24.10718669304733
24.679462663700093
25.74456107957483
28.82370481646176
24.353206823132737
23.80394575444756
23.02184988435498
22.870026988319108
23.883410194326835
28.12472486116941
22.905991647654776
25.119828353739297
21.56436563965085
22.069293249836164
20.9538402373225
23.87774316101218
24.425324170165904
30.48366711624562
27.526702493800705
27.523923709381428
28.343079852295762
25.004705434023144
27.62447247872401
30.04330930000121
24.402508461453174
26.965763295414668
23.07606205977878
29.065850506258236
26.10361345822152
28.548199805346588
29.418499556427893
26.76536459979725
25.6736703520994
19.933883690568777
28.38456085778834
30.80474577420883
26.26982538724662
24.055420893046147
29.599904336479124
29.488305835605104
24.781181985842473
26.639401496284492
24.151221550674475
28.13177545406067
23.45836290134073
26.488809973596837
22.50103952539434
22.8478906804502
26.364818295501767
28.849388023553495
32.59349573194323
23.04383545120012
24.923556148630446
22.67966210031563
28.919022680936713
21.81239290926458
24.21524315237777
26.909990136694173
22.802886217613466
22.692070080501882
22.365243620182564
25.99966996912786
25.722236251615076
29.563278589991505
26.97450403389085
21.864800576249756
29.3804278480876
26.010553875439815
25.94956082796946
24.454781701830413
23.333829815282588
24.103993606841623
24.538480638051936
25.67626628357222
22.815057186496386
22.725488771898323
19.683541135327594
27.023718801136813
27.96581942941659
23.860129063701287
28.097413594452696
29.05401352539444
23.202327803400095
21.676074420679523
22.774424194590143
27.593436142688653
26.380765616903428
25.981462754617347
23.77514477526284
30.911879708788238
25.332788650779495
28.11355027542941
19.149287291377856
24.555820740735086
24.70064136654735
26.76801364616324
28.299357133633773
19.85966875890528
27.086734532327906
26.54993720395361
26.044685293277308
19.475931433116408
28.566428432323587
23.04225820471382
23.549692241435352
24.843015788238
27.811464555375267
24.651741901658248
19.37483794011473
25.83645912539312
29.933158289864892
22.74051016968349
23.58948675862077
22.90717923195743
21.631201370576846
16.88809250801236
23.391002309409238
24.48230244030751
25.455928258393623
24.434638956006623
24.71893455678148
26.749424178189155
24.706109148526973
25.961030639274526
27.422574137682894
23.650395661140262
21.73546718461966
19.765855835855078
19.69841793061633
29.602458570221007
23.015955487931727
25.57292770346495
23.74502289010101
25.019944609701106
22.6954666467086
22.05928734616418
27.5978036910979
28.461463756283024
24.719335686470927
23.675761774698056
23.872247944571306
19.329125154038316
26.07020857895303
26.994369333990374
22.783022359698556
23.875553474600537
26.57513609434594
27.572349555570575
23.697734797698164
24.59731090896361
25.624221110458443
21.54766421694001
27.1988608836085
27.93052001296885
27.112035075634793
24.932225681008518
21.40037264378695
21.878375142897124
24.284478888962706
31.844168510005854
25.697062743543533
23.515075804543265
25.09572620640772
24.939518413853207
27.05297969010867
24.433889390462554
27.879054890929094
27.243047410971084
25.021248922324723
26.05499302948625
25.86230077901416
25.84203819464554
24.52685777468187
20.8956589622042
23.044988936074173
23.739175708696035
23.824333364177054
24.636567075831753
23.85943552482666
22.822196421732045
25.15368491798527
23.427474066503827
25.58422551207373
26.49053647642756
24.35223102064458
27.065525139515277
24.71586029738807
22.885184345217485
26.15614209127507
25.00913582954329
21.364150990042205
26.886031438304123
29.69953348670234
25.780031427420436
20.737745829377484
22.641635595011213
28.094134508623572
25.779470027510282
23.99730618917156
26.65085627737568
23.57518082166394
20.99990153803485
24.491446548962116
30.345450497326073
24.564872103297006
24.005081851456676
27.701292625884395
25.631718694693514
27.603078036544215
27.697656718625893
22.718558694084987
24.93011902649382
23.659237041511336
25.74720971839125
24.113651041055125
24.299832813201363
31.66401248002622
28.916651490898406
23.16921500801502
24.531308859950435
25.291561294174272
24.829824103522903
20.856080883605998
24.164720335234048
22.461114140266464
20.234837082124344
25.982400772191166
23.39096461523171
23.844480733703858
30.293533827906426
26.48445958531418
28.86075467187439
24.441903805207616
23.683404033421432
26.438460058578826
24.13064996956809
30.7413139247967
19.612986028758176
26.570887241158005
21.065797627048855
24.7077141036086
23.034722634618223
25.065957142469095
24.519642594284267
26.545850291282015
25.069948951418223
26.208995210912686
24.14545451859666
25.491751399990175
19.003112142669014
23.189683067571323
26.71207900741503
27.119794957340453
25.43893284687524
25.579510698850203
24.800007842983938
28.196548068897783
20.026029202984812
22.135568871781654
28.451291873207285
26.614382999569987
26.18077306669874
26.2199590403894
23.44270426591801
28.12759729004547
25.205571440125514
26.17073674766525
27.011857691185014
23.435829648124763
26.372046613370834
26.68535908989988
22.208974998943194
26.142318387738445
28.690677506477435
24.678022068741562
26.569967007475995
24.14635841660696
19.559954352050006
28.745870335701408
21.084388194521303
27.875759951907348
20.53056852027704
26.935238863472133
24.703875161031743
26.962263012189783
26.125279915129195
28.3546289291029
25.556363487890643
25.638744468502193
25.861425159616033
23.526532290808063
26.97265897687361
23.083741576373413
24.306586106685806
26.16241265254585
23.33518669551584
22.994502750333776
24.952949518714217
26.985221616469683
31.06126593373153
28.776810966960632
22.927208306612236
25.852720446041843
21.756522890650743
24.60544204763639
26.299598147870675
23.620486249767982
22.645253724620886
25.946558876083387
25.058393874572896
27.022176452978314
22.256358442609145
21.91964253891917
24.0409338717024
26.431091048121576
21.304227721127404
29.08836358963468
24.303582007829377
22.21628978309317
20.372960872617988
26.884068637422512
29.005208969076737
27.044944490695755
26.42124694584909
23.731675950836532
29.69118118934733
25.41915714787186
26.272015105219356
27.392714691143404
26.959126595168115
27.057275198971112
24.58824424160812
28.99982892628558
25.350621193947756
23.49646108632581
20.191933746886686
23.86180693690875
22.8998816169295
20.418778027651953
24.147844433688814
28.144078042024752
21.09159094917194
22.533530418829805
23.54943421560818
29.087958750970113
24.44147471984474
26.245074355061334
26.33269036875565
26.304716447879848
22.982140167684985
24.478045439406653
20.41646936060283
22.340523085187687
22.194917071847566
31.051953025892377
27.840251276257316
25.460336975324466
26.87740143113185
27.102699884535838
23.49211913145792
28.12038060387996
24.27428359261848
22.759678531855563
25.317037980621325
29.651922726649627
26.46958499190765
20.578446191999284
25.917316500110935
27.594740608034982
29.148237479106953
26.933608618939783
25.83120817806693
24.51704511312767
27.301469483810106
20.16177894264937
21.251878941259527
22.33132175999887
28.27680048310369
21.314603641728954
26.337882212612623
24.168562509478384
22.60443262918977
22.39315369051933
22.53583770588499
19.83255178304474
23.558784145201837
25.44487288617753
25.958923928076466
23.6992280148308
28.012798520648023
23.972677486123867
25.95410056394781
32.300722940045006
25.445802920734753
23.26305740367268
28.138185643882927
27.189754873081196
25.413835518786573
27.22062128463516
27.867742728611535
24.304988432545795
23.590055599497628
26.122371299140916
24.76537187055302
22.56764020838101
24.74434474254571
27.61683944314505
26.98356150244236
21.830771126932667
24.700659971170964
25.7251861109034
22.502427439690365
24.01220100904458
25.821833861664217
23.392426249124053
28.89236817837192
22.341022790200803
26.686854053709187
24.521498327775703
23.45012134284299
27.52858643793842
27.101163649894758
30.89558711364325
23.127189897250318
26.477866281834746
18.91465665197737
24.55953346537929
23.878409591886275
23.726031894896693
22.90822253373097
25.217801659850796
20.05954789371779
24.089751280955863
23.74842283156442
23.774801132712035
24.746554910951467
24.171307644794428
28.618520800521857
20.145745784419322
26.642872113111746
21.762057208099453
21.223284564592493
25.00406965854852
24.679439835793048
22.586637448983577
25.30378857006963
27.814949235533152
24.26137080092289
26.24895765344303
23.66289809693635
22.29214853372448
22.626237496300572
26.699723153472387
26.513190461249042
27.56445085449235
27.34888016307541
28.76109513370268
26.02591374015875
23.744583385530678
27.264981387420516
27.788249282278777
24.960508124014787
27.1407436895089
27.714651524230533
21.25379366385462
29.09327985339163
22.588492015575998
24.194912623603962
27.142361139854994
21.58722581941529
25.613452795250353
18.443399200321714
22.537756687280456
24.188194019719244
19.825751904479354
21.406782776064045
28.202893564950703
22.579085380235977
25.24434018227649
32.104382048997934
24.04971960873284
26.140749699681777
17.655548234454717
24.878843299355427
25.605852926743054
26.66166933653959
23.102126774393138
24.059039679012972
24.10712738904042
26.178523794430983
20.629882518958546
27.09358272331289
22.529473816762394
25.623796323979704
24.95861920414175
24.5755646025036
24.079242645117716
26.962116159469346
28.40091277694462
23.833857747864357
21.799778609207596
23.745476048088772
24.527815918552122
26.82004131372311
23.136533993117265
24.426179308078765
24.95294832461791
25.397549287520807
22.66864421539636
23.996132777169677
25.43191864666362
23.235013978365636
26.633279761403568
21.997965144169772
24.26253198306146
23.43923950941599
27.200866179911102
23.11732242347108
19.334812033465262
20.24535050683359
27.492193187714765
27.32707002753733
27.852551517157167
23.193611944351368
27.663867536184487
24.125560523172293
25.422707128171332
21.724892738993734
21.375288009113934
29.72163282440892
27.800324964134777
25.31846496444921
23.55741619968875
27.856299325286358
27.758432379978025
30.809040219727994
27.967386045442236
22.90738326910823
29.012365744250836
23.677387120659628
22.03245622001199
18.701209297268402
26.034934640375997
26.193508146820303
21.013495855302143
26.770399128255452
21.886543267883532
22.32118605822593
24.317175651762785
31.339574863277257
29.173425009344353
29.02475745711516
29.47136703025958
29.78181074736042
23.017119083261505
24.871375577352232
27.764147917948762
25.324777340423008
26.112467635812305
27.09432172848679
19.037924379887613
28.13282378754559
22.567693648518993
26.354436224380795
24.402229811734184
21.125278848419573
24.026018207838238
26.514715513342292
25.683275224320496
21.313699850344364
25.08485808863703
23.385268263581448
20.35017749997563
25.334438437629576
30.544717131879462
28.645932072562854
23.98353346286712
29.584236282083527
25.81335434007905
25.360839333985805
23.897210510145477
27.04458673735981
20.843519164041474
22.565802818700984
23.101761489406034
24.468889311067493
19.976228726628797
26.368621568204833
28.317000256667765
28.235645446261508
22.037141893425417
23.900476825131012
26.554092141571818
25.927400505361245
23.910007355441188
26.183896261498212
25.271208826910122
23.848938374631693
24.501186304685394
24.841023512597975
32.93985899854433
27.520453366871102
25.852004756869018
23.835857158280728
18.4857899213548
26.18856941681581
29.639711260867188
24.657550234859716
23.576759346997044
27.01391879425069
24.531675648254645
24.376334879383386
20.442353399524908
25.452613920548046
21.963478045051353
26.10799521490866
26.90969052764938
24.630701572735372
27.0173316032744
24.72652500399897
23.40442992373002
25.460870856080394
27.571075405001856
23.007808270583634
24.674719599120365
23.314325165241826
21.81151216629297
24.39451349730716
25.811819224739654
20.761640055008204
26.404618922365593
21.31174503156519
29.051374340243633
27.323097548077815
28.885854931147307
24.005971754324793
24.724003485150664
26.217613205586858
24.296140574056594
22.115231572221163
25.225799537363397
19.762488509631304
24.270495307396683
28.818974321950048
26.954300427043616
27.841347180112923
26.070345079895606
21.943217403190065
20.628415771444235
22.491472174478066
22.33404389164357
27.355292352799168
22.287831113712304
22.2802156763037
24.340175971890996
27.55969711491313
23.980187750892267
25.325878188400186
26.698621967993343
22.701540381363916
24.532640371333414
22.17877943386165
26.785710741491915
23.622492599324485
21.857989687437446
25.24343200565107
25.913321953192447
24.165537771200697
25.788564693387855
26.66927356026858
24.43912745173558
23.936017051038338
23.906044051251815
24.7878718958043
28.284213850653334
23.14544021770787
24.71942169825477
25.23104714041461
24.504163147478362
23.795152421427254
22.797303424794492
24.523855288423306
23.031069554835852
23.797204528748487
23.085110356858973
22.575421316727525
27.450519519940336
27.386430600915503
23.119713632138904
22.039595093696427
24.585477796658886
21.217550743725152
21.529272346367176
26.423695269942712
22.6569955221214
27.2036787302534
22.752911139136852
22.950729345830563
21.564413425900977
26.26929513205391
25.309505090087335
24.8828031001142
24.087562329631645
24.826271044452678
24.72549020084416
23.954590746986977
24.486368970153606
27.324074565791065
34.29301301743657
24.205417688570222
21.631103009466777
24.18866952288575
22.45384845567712
27.513603389429452
27.584462472347994
23.90635943058342
29.052744162656605
26.918342753732347
20.97118945848007
28.02603691239146
24.19640978248802
25.51916110201795
21.280775481154414
22.819806025150196
25.665475944006545
25.413795488207533
25.670111278751996
24.458656639189662
27.129697560906237
22.66933341324711
23.653376040700213
27.654112371913744
25.329472924340898
29.692505834011037
24.151926620806275
26.587913600411717
26.611264696341127
23.48935202329841
29.22809203986537
24.506628344499394
19.680823892693954
25.74154134969152
26.882381267040888
26.631577021457545
23.028559631197652
23.920802755468277
29.605540030307917
27.728830940478467
23.867267146131752
24.531918051009484
21.237758791401838
23.324169943219818
22.047769190076426
25.695555640673405
24.480548251715145
23.957962638893093
25.115840674554928
25.88189903449808
29.217742537308826
23.819522683071277
32.62753674007963
22.37015984396154
27.038000950852602
19.56254743223309
27.693599442462673
30.017782113303245
26.194403597984202
31.43532495150382
26.815711039249617
29.141881943358502
22.14570420518113
22.269141991408993
30.239362373761406
27.428110789333996
28.4966031287226
25.3124598600544
22.186802803646348
22.119106872482764
23.300300532578646
24.3079727938272
23.448360615475135
29.32893739450817
30.134091499171056
22.789897288643566
25.015190489504622
27.6996130060193
25.410222343674587
27.466764091391635
25.94728438389036
26.877970133508192
17.671016861634623
25.01977919377633
28.97582846833568
23.83545521743681
25.44632686535937
30.869612893317633
25.692806939048076
25.41616641047211
25.34972091909855
19.659304359803535
29.699424949021644
22.793101119878195
28.51189969749549
25.3292007029297
24.730534703526814
22.472656178725117
26.219553249437528
27.542136203198766
25.66484174110216
28.378339878279608
19.708646623271832
19.83717551643572
27.478213666668765
25.637143909170156
25.354217801460923
26.67851690354458
23.152463177848045
19.87744535260914
23.098403680452062
25.204360869575932
24.470496508167805
26.717239272236345
25.055978398019086
24.915815843965014
22.05799653515717
30.82756042709574
23.5225804257763
25.725927539016286
28.088718596493724
22.978788459657824
29.33998900929682
27.133244855981683
22.36347052559664
23.499581732716145
25.12399216018047
26.88163657903992
21.171477465299684
21.699985883276717
29.01446127623912
26.02168159467842
25.02526463439279
23.786301888878608
27.32806467753165
24.08192285436019
23.05317081779966
24.852235488522037
26.090180409944615
24.3537746799397
24.150993214035424
25.85350673679731
26.12656829858013
19.412189856614575
31.728559017906814
24.82822385316041
23.55569617616136
23.447411283397415
25.515288963849468
24.117042364265764
27.038374423924978
23.610354078946887
27.050533578779092
26.929618734209416
27.402248432068838
23.948420295411108
30.27697452412622
19.93117297908508
25.684610052082334
17.123674367930715
28.511557987429402
20.437164959743253
25.904774135931255
25.657118581968884
24.539210843404966
24.357675252380428
26.592673720296396
22.810628028481773
22.091503407909155
23.92546472379583
26.420383629792703
24.118343137082505
21.426367493851114
21.196769265908657
27.024266791296718
26.016652035370075
28.93236578944797
24.25311274319793
20.244883649525317
29.153405728506257
21.952172926960927
29.475723805747588
29.220998686455925
28.870667764230795
28.94971143410191
27.979096816014003
22.949382838350026
25.518826220297253
22.23709505776636
21.59085236132612
25.456345579120153
23.68406717755696
26.059867238386047
28.00006600435132
25.396941461751926
26.18522659841056
22.531921863351354
20.71728023233767
26.15178396866005
23.911579835483263
31.392985260409766
25.587038507786602
25.42542257488598
22.97884264212865
26.229972907766975
24.396028400136647
26.613350802253354
28.65751795072284
22.85687706549117
28.23231802439911
24.410162657481997
23.038230480623348
23.218549765887023
24.452461485360825
27.79899702955749
24.21272603153438
21.796680958589594
26.771296149691068
26.187814737198448
28.594715908502156
23.981313643689454
21.445530924350322
25.724509134144476
20.564546876142433
20.30003689522432
21.661627525351047
27.038388480044027
23.471146174045494
23.898594200572287
27.78232573443867
18.810036806063408
24.14966447816681
22.436462586921795
28.04043563913003
22.009389690093165
27.14045137577017
29.222407782828515
24.780788963613507
24.263030995180415
28.04082787419844
26.564412457289045
22.841912953417772
25.777002320956505
23.799318052682047
22.40924722611483
24.723019411222577
24.205338221614834
25.439050318004362
26.75091549428295
21.08231123269058
29.01612939113203
22.947474460809676
22.44053960269274
23.26604126902926
27.124007796353688
24.227738054415333
25.8244428248445
24.259693362156664
23.23440471328598
28.851659376732812
31.319146619833937
24.81787616840757
25.89432934866274
22.684624262041062
22.700951949955186
29.92688251932589
22.307042657365418
23.901464692894393
29.096188196229775
26.25921205222322
27.106759498722152
22.73491340909048
27.181150027199067
22.747938152783853
27.284007264162867
22.924181288349722
20.150000013527542
28.948556129733255
24.76249077588646
25.2250433883264
25.26072929775104
20.841786415230068
27.43854021332147
21.8615276128121
26.43976864316974
22.735736243982323
28.155869042900108
24.014967642741787
21.83133001269765
26.129009851181063
23.8794843150003
23.94414039102202
26.082728198213967
28.287339348248473
23.849351358327986
22.61084258129793
22.43070350088739
26.032854667565672
21.001034301307733
23.1516007551817
24.68488588141665
24.345934592457777
24.866114730591402
21.891287594553646
23.85427289114067
20.135113892102442
25.37392765034232
28.18251641529792
21.752926114816713
25.111926651597518
23.602841879598518
25.130819659487443
25.808656594468026
20.364221167593396
27.131122064029114
23.90707341346137
23.540961273068213
25.609316407852994
26.028856272541205
24.43199009190042
20.781192595247582
24.371863383037326
26.739475498884765
20.927433834846585
29.261297964794178
23.40040852881768
22.42880789962469
20.739465088064645
28.16269279757309
26.698142729572943
26.27047613735661
26.036493628720315
23.84874449423228
23.914775986044386
26.544123819787487
23.90556882805732
22.72280488284243
28.58690347924508
27.428984091717236
17.717613997158928
24.206099443059994
27.75560097121317
24.84257285213265
24.959168275456342
25.122462571622005
27.112065497306318
27.278234644464117
25.653136458705376
26.883844034056708
26.831070505595896
24.30579361578458
26.042432617187934
24.30349680891445
26.255243918748864
26.70601884702378
25.330964270289595
26.74369423691225
27.435821490720606
22.752884569734327
26.27076659888637
25.37120573411855
26.471397276555635
25.34795863528089
24.479696920944352
21.330354886641423
26.4388956330019
22.920967722007827
24.794962860248685
27.69957122884958
25.10583097356789
25.84460083312325
23.89508231986308
24.718809678560515
28.286981812349612
24.292707938170814
25.224054390094707
28.659388993475563
22.360274940268557
24.810957768802428
27.231721566545563
20.9515087783298
21.801561234770674
22.655134715113206
21.323065459463542
24.032815568655252
27.431774877705205
23.875534472037863
21.593405331938705
22.674385313773726
21.793411760079643
25.2326124050499
25.387722119295855
27.394998903826853
23.99769809603515
22.65697046434912
24.060581049245897
23.74987761780079
22.92936169444883
25.752668645284068
25.273467769992273
22.756147915644192
25.985212163824727
29.635269638439667
26.317118755056974
27.102689678729767
25.272568662985638
23.7623805887708
23.349286984296178
26.4342915931422
24.564304696282854
26.578568710704868
26.161119832162882
26.93164222674486
25.22193661588441
24.943501640551904
23.978969841873518
26.182599216150535
27.0333948597468
26.34511173055727
27.183659487257298
23.96762600283035
26.85106680081065
22.654917748414466
23.715642890485146
18.631301661149582
31.226699894439836
21.587175788072724
26.407956329843156
27.542573311476023
24.661642177761195
25.49063144735133
26.521593013325578
23.908391002201668
21.717948100382383
20.162067788049487
25.111325091197777
28.269345502428425
20.520367453452195
22.32212968830062
25.021719509002544
23.403202067385035
23.666318227342177
25.0245289469678
26.320688913267958
21.275579168950586
26.661460753172367
21.097634981083843
22.868137883658484
27.473386074937974
26.83573596244873
21.914941851250997
23.923681590982817
24.94870486642061
23.32147826281421
21.513962681198123
23.079272505886905
25.310538758713097
27.647328386035305
21.73643406059167
27.040585865629186
20.023829440583693
27.079722464529073
24.333039284077373
26.350301975783132
23.49631125466892
24.607145988804916
23.962146882127456
24.74630285626315
20.867617651464165
32.766016973101394
29.771137427534125
26.300227386522693
25.20204134197259
25.323016770922024
22.505294762448276
26.795552169431314
26.884459584780632
25.88418129936101
20.68481757153652
25.438813646376104
24.52199814843606
27.81772716093399
23.477997068262606
23.86288285842473
26.48797199323026
30.154548300254007
22.48320049524936
26.623413886678616
25.274320475426133
25.903437967336263
27.20087092456497
26.808737879892558
25.047884968722634
27.246705445165013
22.256166535761164
26.385712099812164
24.872601335627376
26.02680614062341
27.419088083907678
26.770722263908706
22.00242529020414
23.34778963737968
25.47861759496632
26.405188351497692
24.10686169139834
28.20635074080449
24.150470323176194
24.422318146967648
28.20061799193288
22.148812355717773
26.175384315120766
26.76594770702516
24.260529293168613
20.483575150022414
24.727161811981652
24.879833090718428
27.970593405112922
23.774047794709382
24.499237448172348
23.22406320529039
24.952670397278208
25.753871607835663
25.282857878950086
24.865853105311785
21.193721844912407
25.10575633845415
18.449561761409665
25.097403258499916
25.18275690678999
23.20418486823611
25.337931132911237
26.516658702943616
26.582465279756256
19.665847001192592
23.994292400167947
26.42385020228395
25.33340965808857
21.215384306574766
28.68262038336571
29.339433996964004
27.225108056371546
24.069555197836664
19.669314749895413
19.318791505122583
21.53856261585744
26.091326613710812
26.37432001972249
28.739933433133345
25.770869895438132
24.3836905225778
24.850355637959318
23.92015829098933
25.63341416655421
23.755736259305145
26.20641134486204
20.07272780989627
25.67593178132693
22.03581380454021
27.173230555681087
24.469896901791277
26.546640827064945
26.045148205109783
23.52309296802945
24.0609687744376
24.53706364780822
27.752183636837408
22.11727449109625
25.355140949535272
26.149061802946743
25.94311169502253
27.23045669720067
21.385901192258505
28.047524927988352
27.772072406137912
26.882902944252532
25.202122990902318
24.7981734240875
26.636803641464837
26.39296445948877
24.49272975876943
24.048922544752024
23.376818684530726
30.218062939612153
29.91963777755373
20.167050382334093
27.43672631206663
26.054524849683002
30.084339053360026
27.702139571929123
23.809042568832453
32.39147043045818
21.192144348758326
23.02166784107369
24.55388098948206
23.188209385638903
27.19338878117128
26.43324030184509
31.42195585882854
24.880590998764692
23.790964155032167
26.855436407387728
26.25917001474157
23.39739716349941
19.27575258939071
26.421513182083455
27.266951978110644
23.241711356727453
25.173326563635605
26.878589651509
26.170512770906548
29.936252183502713
25.087975046204967
26.454606011744445
23.293777776419727
26.31346835417235
23.12378361321231
22.189155242260508
28.93050101590464
23.877811087220238
25.533740437961402
27.900995113024937
24.12636932110092
26.366524843062642
25.000188983907663
25.467777181418363
24.619973599387773
25.3686969424651
22.04412993722951
24.53874343684558
21.39058366248206
26.776327442884032
24.469682900139624
27.41743036882563
21.917296439895146
22.19127057523529
23.760179829241466
21.526135223276974
26.40839886703649
25.627552282181462
25.133694950633526
24.456071883354234
28.033008643920137
22.33694620494862
23.598621646547752
27.77149073808321
22.71360272708253
29.115831191902686
26.716120701776557
27.591523910409062
25.755049185094105
28.196806048216985
25.59505746553622
23.03692284149115
21.84459206802542
28.22015013235145
29.154744768742283
26.944977235099202
23.941327151182833
21.795301622084555
28.526407554953565
27.15266068776039
25.167784020053645
27.901470287231216
19.856343202722442
26.316492303242654
25.37630412049248
22.681759145362022
20.795693285122585
24.791302145866457
