19.39712842463693
18.96552067106421
18.52636193787345
18.392943007840614
19.373740995704342
18.275385042673577
18.353831563724427
18.796871452251803
20.000032303386746
19.093622464397104
17.930475044657406
20.411043052492126
19.1632552494032
19.582280206936893
17.786790154972923
19.904346782027176
18.586129808940328
20.16653189772815
19.645096907849695
19.52286270950045
17.461986675871042
17.844419248369025
18.779650525310306
18.16702342481896
18.179419682109952
18.364936744374454
18.58877764569108
19.001894087489603
19.077849497709735
18.252169199695075
17.919529894567724
19.48884931294488
19.38648194997723
16.697781448015046
18.566677152831147
18.643318817699086
17.093664920516996
20.27757298932511
17.692342402653548
20.186756566003222
17.124622748517293
20.178238777854475
18.746685707506135
18.52830422949257
19.20422627386234
17.958813997328523
19.90373345014945
17.746755873885476
18.353702436323708
19.102143618892523
21.149347268881595
18.81688403049649
19.716817078044244
19.31290025149205
18.62437521694632
17.297630864949333
18.10844504646481
19.006666125681825
18.433399850054247
17.894989623334784
16.513595147485894
19.534614916494938
20.07117894166053
19.891942054759042
17.072690248214663
19.529584289531446
20.053712084948533
19.75921126285843
16.60326411250443
19.5186237258349
18.929199767940332
17.689253005869915
18.30742969491918
18.326107409434503
19.43574776331255
16.866228737083187
18.622214734369283
19.030465560891475
19.450074743847082
18.33255889071717
17.98401860963964
19.499891865144285
17.370918207826897
18.206765563818763
17.59036549591662
18.647756141321484
19.375630260186565
17.716420611709815
18.29399129799179
19.156669051413957
18.679003056740914
19.3164621252191
18.444815729819386
18.99325217293302
18.677912024614866
18.8935615685943
19.649746923529747
19.712753681241573
18.129035784155665
17.696984135197383
19.381822460012902
17.69950134684426
18.699041713026514
19.04777201014659
17.384474967274024
18.265517194420728
20.016249960747995
17.75434249039258
18.409207299027766
19.0415530448851
19.893253983450876
18.337564763814136
21.339992509856074
19.11135393183212
19.020471374947487
19.064557041859054
17.851411300841953
19.321759457405108
18.40068105909539
18.162411667247518
19.264552265426154
19.246505474436734
17.428687151163334
18.615300586894698
17.682698836246754
19.12537615782196
17.16367237356798
18.225486369935204
18.971322412293972
19.253100119400994
17.927100746346447
18.95548308446132
17.819832360651507
18.593394661016994
19.68355550082683
18.228319550166592
18.919620954935123
19.002118389223078
18.476501105415334
18.521320893476503
19.774337387855894
19.611105262847424
20.119747663420384
18.003887988991227
19.182857531658872
19.21284876425514
18.31701095404685
18.122189990755118
18.203557924041156
19.37605769904344
19.01777222246896
17.40215162732862
20.206862122312817
16.36581299020662
18.244555927791012
18.76267383254934
20.156764402871577
15.47801812376729
15.55172059442389
19.836795765891438
18.390721843349386
18.798325765500465
19.156404743996333
18.248170911678184
18.690006122307572
19.017132771279734
18.634432182569952
19.265114198396898
19.734278293572846
20.46889242185657
19.778592040635225
20.187053035584146
19.429455002967448
20.80570290338869
18.314831030939253
16.29896645456501
17.594995691751887
17.715389690680386
17.757989722290695
19.623081979883406
17.850699325400285
18.657446597350567
19.969487340249863
20.02603397451364
18.070732716744494
19.872362477437125
18.990047136361042
17.734677167248392
19.749510796487495
20.279830876851747
17.57120544729749
17.628184929563197
18.3850366084996
16.27706884326951
17.78170757262406
18.38052882307363
19.006392469028626
18.224992318032335
19.04734830288703
18.694206659439033
17.451553562841465
19.38887297632928
17.396337142359254
17.553784064504548
19.173262037389122
18.346031714161732
18.91657266904415
19.26892524764353
19.370400595243183
19.431625476773412
16.557316220542784
19.510393662092547
21.34000944269621
18.42949759333453
18.648692870305332
17.617080998155608
20.04986513708721
15.927325936110057
18.17313852246484
20.488390119675312
17.747987348726717
17.00404595380583
18.69213293236903
16.89547743463736
17.93400178472405
17.643460403363104
18.14653502560908
18.220864788607123
17.54203446930819
17.31884069121058
20.909163263156543
18.987650041916254
18.98370594476672
20.64915885891132
17.35403528895825
18.894071853231008
19.363778237096565
19.033558455403384
17.430301966474435
15.396846903918762
18.179675156544153
18.77883705983399
19.08602589014597
18.15238748585545
18.856499592397636
19.27433297264647
19.410522618188704
18.867316039590637
18.740021367935743
18.49522368956124
19.44125597225958
18.476710606191936
19.26627839122198
20.065006390102678
18.741426811185427
17.039391952885502
20.719295672425172
18.080704738487384
17.64001901886281
17.88043455849877
19.54904860542042
19.452923441665206
18.911356213788302
17.648269789064702
19.45087379154881
19.662524141593153
17.77840326481577
19.480042230197718
17.377927293877764
19.90256545060305
19.79511719653904
19.70309185384803
17.113760198454184
19.03912422182466
18.702539123498205
20.06199775116984
18.911492663217466
18.418169026736244
19.430825407453888
20.18115150069291
15.216344243099988
19.208678077044965
18.34198102437249
18.62842311929821
20.384694505485008
16.586770212871514
17.771204288132914
19.57908786561335
19.28259327242457
18.547088470476883
18.591815740278125
17.429644362803973
19.205415410121294
17.455596281693143
16.934888960547685
19.759188357006757
18.789035416350124
18.291398461013817
19.100343690882514
19.25391212852602
18.10700309164501
17.59578364221739
18.754918049337697
18.741482619380015
19.06166390532048
18.709288491167406
18.900236582283526
18.309470919588627
20.069645164004392
18.786083220733776
17.433492436140142
19.968047469415044
19.090775691442964
18.671921140671973
19.336428446450338
18.095892307170896
18.022371454668882
18.977030199431372
19.637039483899905
19.80126578115567
17.122644603686027
18.19140834303419
17.44212234829401
18.34071108940012
19.087390577257402
18.035492363286835
19.62457778438029
16.55393883039841
17.91916779421354
18.309537375177282
16.42746052111387
18.278051880859884
18.563545133963917
17.803812495446056
17.53277991225753
18.25008300735772
18.709445921042885
18.038397622003828
17.880142489261083
18.404044100196796
18.923145558558485
19.256600598504274
17.14677618079301
20.272056811047616
20.732823981468464
17.587118860011582
17.87299505659771
17.928476688753126
19.974540922986115
19.565008629146718
17.5491055247811
17.93200721629881
17.8699931561468
20.27018885807644
19.186432022438815
21.249220946577516
17.37238234891776
18.986811920507456
18.11052348535635
17.611457442927026
20.606183622847663
18.880842057422548
17.774427458310416
18.635558286308783
18.7131114189419
18.49598764605746
18.464438600015153
18.724989226234612
17.54552259725832
17.948878006489252
17.268954555933785
16.39283248262002
17.245797490598108
19.33813124687824
18.375648144693283
15.934727509960975
18.516697148803793
18.660011729571092
18.11495876066947
17.912590815274196
19.96846737651681
18.193840245632664
19.26506303634959
20.4722810978128
19.806856714421265
19.88495852428175
19.50578369069165
16.21861389442996
18.73211706849848
19.57010695368615
19.962582568420334
19.07123467039919
17.807302722153832
19.38040701247673
19.255223502715378
19.301477823639264
19.05565346354972
16.90555498322534
16.947222037979376
18.13194389992138
18.16067823231133
19.754786131869878
18.721557651337545
18.507585096519723
19.27406285761914
18.15655084416625
18.268206089461888
18.87264188438351
17.644693583101606
18.019767800211717
18.854114394552788
18.88299868999994
17.78766012512295
19.539539252462742
20.533416160048954
16.391272113182573
18.785296800833855
19.134829618036047
19.341068749038858
16.54089958550583
20.493717248056242
18.96877454569584
18.931505258015196
19.417532033974563
19.05052399954437
18.158720115752622
16.889894460095544
18.922420077815175
19.706988789543942
18.41084410026712
19.63801624832354
19.986721999999585
19.52438661451597
19.537862724893706
18.942325345486243
20.047777633146012
18.909999157635514
18.315430924930805
18.582859130645065
18.219490540250234
17.966961569314464
19.894321972655618
18.490019884801747
18.820509296255867
19.246328048510076
18.66374524930197
18.51595832450003
17.76041956064508
18.595863797628972
18.091431275246826
18.44621399493546
18.441741172300482
19.531319056696642
19.406719075409914
17.519385075464694
18.603349779878418
17.674095307752786
18.36694182437586
18.787676151186258
18.510718287122845
17.35307392590672
19.04901367414805
19.429337835131957
20.55012894846395
19.773128946512323
18.056196719160965
17.639910406985695
19.564839724628303
18.432146064283117
19.83619946234058
17.265791111975417
19.01383038772664
19.266390088322545
17.865512512754876
19.802134740881407
18.580372673438116
18.19711386300744
16.425408416179977
18.105361785515434
19.275749035043496
19.07145506450496
19.319369547025993
17.83324145421461
18.0530833789113
21.13620901010154
20.189654774013547
17.366627358946307
18.55999189557455
19.3288150460809
19.086565379088313
18.166159632355157
18.926753260738927
19.110003169727012
19.461625513537232
17.597213422802668
20.54750953199225
17.78942619670829
19.707331182571973
17.065701306342195
18.8389469099795
19.98378266988292
20.399332170268337
19.23727187540806
18.82634106743368
18.29235981879512
19.790200918467455
18.484898565622284
19.60608302394237
18.09230247716598
18.939769633640424
17.44033793227179
16.088244618021356
18.93799529474138
18.55361965813403
17.05847081053962
18.452063050927137
18.04474585595387
17.215971497947276
17.413903271378445
19.90910321468867
18.70289839568281
18.481549862287793
17.380252636002744
17.696656165687088
18.429704391136205
19.255187792288755
17.968869827765833
16.905884361030346
19.017734543255166
17.79179802611114
18.403772414472087
20.04235193682917
17.703893289005823
17.00632754166318
18.12324214331956
17.743813118333083
18.756192269154365
18.705777759766285
19.758701625066188
19.04434141292206
18.586422876887646
17.450493862016838
20.23917587511789
20.44459922944564
20.025277245429816
20.111507589976306
17.66494611743451
18.4169299616078
20.211658118924575
17.88814615734407
17.266501664920376
19.20067951573151
18.158544477861653
20.4259400933513
17.805234983176415
18.74202143518947
19.572005278548293
19.27689523403774
17.855042717907057
18.664913043059677
18.341022510662935
18.265582809343552
17.68829440584568
18.76771661561536
18.75855297155623
19.762601094587158
17.589082367970207
19.145224499644055
19.92858333767915
20.644210593216425
19.67895329566863
18.97653994284103
18.72771714019074
17.123470738235515
17.03614351441133
17.538911687507458
17.079412524510477
18.73819126080787
19.065563260596072
17.67127733477648
18.507730310044547
19.508437685117446
19.59596322277157
20.04420816495757
18.408776020915447
18.589738243985632
15.837972036142734
19.397352281222936
18.855778294824656
17.97274335576587
19.41982424226525
18.405411095173918
19.147591709194113
18.981473257062206
18.303369694278967
18.936343124707825
18.609942041646878
18.557226050891025
19.35452257502407
18.58974773408974
19.52632574411066
17.0306289574829
20.030007559958992
20.56045830625791
18.664965615007787
17.144813590407292
17.361780687224044
18.503119855366222
17.185021537620262
18.126906580630557
20.45229174102736
18.442977626289814
18.714196240711026
19.327150166216505
17.611787768624673
21.186710567063553
18.45995348359097
19.72503142624551
17.458084770832755
18.300292417604272
17.62706512148081
18.51837963529886
17.673095919447647
19.150748343575614
16.86632319047634
16.87067927030908
19.059310675093734
17.89284234937387
16.813177545856778
17.394975727278528
20.27998222274339
18.912638758489003
16.994068660646946
16.676173508826896
17.97107111741161
18.6519501830249
18.889161256476147
19.497284798336377
18.658414724142872
19.249678369184778
17.54818797211673
17.519666695953084
19.52341157177792
20.202611644122456
19.058218680759225
20.97646916887995
21.209049997019225
18.718291561727508
19.586836998634446
18.056329117190153
19.342763553753425
18.18880221030204
19.699927942752776
18.19485902192717
18.23326128989668
17.82647314330091
18.6686623717039
21.379815687133483
20.68147453165922
18.60081262286659
18.38493296774334
19.287374380326437
19.59988791009814
19.07425051266143
19.75621743602736
16.762282088810853
17.33930698548966
17.202776879642315
19.765077081320367
19.975497501866883
18.601188778554995
17.58147328341508
18.07764162908356
18.082650342460934
17.70976025225472
17.02002263706234
16.587556573543676
18.245301934840693
20.2500669025162
19.66789350908013
20.25842766099409
19.176607837896015
17.686859125422767
17.112931532594867
19.01035524560001
18.49882799391542
19.35068955664501
18.152735066914488
18.320568576651283
17.03786149381252
17.7933906962826
19.22903921433796
19.66842295920976
17.325632615523443
17.86805539773852
15.345206272785378
18.05960216963387
19.395554688149478
19.671048676508192
17.149912577284258
18.712651104575887
16.780626045294984
17.602093133474575
20.24026467339954
18.77408193102073
19.00653827578805
19.3424488922441
19.308676289751396
17.89951420837138
19.647865220344638
19.56798729823
17.575363474511143
19.620347399291305
20.34121249343539
17.884480304102023
18.630351243712035
19.646810599452174
17.2901445227154
19.72187720904333
20.556083486789582
19.889351254953013
18.292797797149245
18.759902644361723
17.75237069655567
17.747163607371558
18.276525480013053
17.702607602909605
18.61922828148396
18.034196093048156
18.11748786755091
16.487559809755933
19.230734331956274
19.18594564686325
18.87079368948038
17.343803589256307
19.278737847214092
18.574997379967755
18.272036891114205
18.025159454308422
18.63041550135454
19.20038907391058
18.339070937390478
18.437728405366375
18.46604526104567
20.23486527540893
19.2974056169365
18.96585607901642
18.574751215967158
19.77771956512188
18.022225626507645
19.590680869215326
17.75672001245925
19.764384385183778
19.512427322285383
17.404803875947625
19.056902947811672
20.03154537050056
20.104382479985308
17.42793410792864
18.172326503720644
18.470414967827956
17.221487094223804
18.52523209557139
20.949286196669284
19.397745975089578
17.95684060964661
16.66896952646143
18.548636147031512
19.143232786830527
19.74517207474324
18.022426042215823
19.693550621135593
18.396109045229355
19.64910474974652
18.273624858790836
18.37756546694005
18.18888126488522
20.076064789389562
17.65138661434572
18.937450193876877
18.192299310787252
18.628007059671493
18.249392538223432
19.392664727373667
17.862913304030506
19.566577568903227
17.669052666866314
18.864451245715802
17.63766712673821
17.00002194039153
17.71792790694755
18.084179073956015
17.303476393491565
17.594547354853177
18.397497906582835
18.07348159880335
19.692457135354548
18.761235070875532
17.3988491056484
19.525067909382656
20.728294504987314
18.91661373726705
18.70166692943855
18.469655040349135
19.370791822577466
17.719143952454118
18.516368088872436
19.065709425598328
19.208990411282347
20.58165223126906
18.91572784592942
18.32523162565263
19.974969525261326
17.43823742888559
19.252440482552323
20.05862569646789
19.48269333133375
17.823932162834847
20.2646711322398
17.389587128657883
18.339402405198943
16.97178315462407
18.688209007439955
18.216144378407684
17.684992875480617
18.644096814053725
17.65472337374756
18.17998615243537
18.687759973221844
16.791127992034564
18.281733543065254
20.06464330030054
18.319340376097475
17.399333310280678
19.231822287118963
19.979699563807205
18.654300816677562
19.1751410807796
17.59486081768155
18.89927350835423
16.893679592774692
18.685126072947835
19.371984458717353
19.86789686764116
20.98173629489299
17.08828610856715
18.394090378864487
18.330807573205167
19.546091903001738
18.674771910101384
20.8950630872182
19.42803275681689
20.393031566696425
18.988963259740505
18.870457177962773
18.23029047939225
18.335626704380054
18.822517597584888
16.916600039673245
19.019515632479038
18.78633292935211
17.128604793125564
19.30693866162815
17.944554501236095
19.533353234499643
16.995049962267316
19.067559759096934
19.24610297330061
18.06277698943454
20.00458129681542
20.997918748084643
19.243225140321073
17.399201021209855
17.921224605169623
19.244741670728715
18.881531946006685
18.85824360398933
18.978755072305034
18.12386129496798
16.394691604586896
20.409192692229222
16.267272211487313
18.6312994929809
18.348029919772596
19.027389376791728
18.181511295062357
18.99203099512705
20.731925090502287
17.191846321040668
18.87437896141404
15.728567393271598
19.535233475060956
20.042509957575472
17.295493675940502
19.751008040421908
18.84231275765514
17.77128051991488
18.7633645338317
17.287533673290106
19.121490693872985
16.513011001536707
20.61367444497035
18.47547525141844
19.902826334110735
17.297848041139133
16.87652769339291
17.559801063559235
18.249722781425167
18.18287004512791
19.267706390806563
19.721206004008796
18.226041358819764
18.098791741155154
19.662876210054428
19.564599364712596
20.057950880216257
17.73213422955816
19.985451669454633
17.720994170302898
18.277733474896873
18.103652110394986
19.18965975738061
18.76433045101824
17.883435889667357
18.253243559840186
16.228904774921915
17.67500333009571
18.561374852907534
18.93364705092034
19.520673486467906
19.29046094507769
17.80080932615444
16.276370245718578
20.17801213061019
17.89593084931187
18.102402242746237
19.530536135754197
17.933702762386353
18.79324343500856
19.137814806935168
18.76676912771092
19.26088867667239
16.714153337625152
18.82311947628851
20.228662580715813
19.46863422895426
19.56947564180059
19.734043251026026
20.118167190638818
18.93149000522438
20.77177717633176
20.32239552993012
19.05254233879082
17.54367251404008
19.848138157141037
18.30635418432229
20.489044855654086
19.11055836620445
19.578196653266662
19.780894248805502
17.92063797205521
17.761555448622904
20.381872365416704
18.940790118909295
18.135239847870487
19.898534602836914
17.94704169956373
17.70573296775529
16.55808603652449
17.985689757971212
17.873151009115013
20.521150324725905
18.08230983887138
17.813463515079828
18.47904278206862
17.907021787661485
19.498058681428265
20.183410336830708
16.468765458947278
18.733201401387532
18.3953812675698
18.42579502927866
16.97220949539048
19.627328257063397
18.638186989032747
15.815930806827517
20.262603066070255
17.548840090188893
20.10708833025999
15.80785239167738
19.618320624558798
19.71799484400592
17.554739696486457
19.10669420589384
18.094701853181775
18.62505261584686
18.78167494363277
19.91226004807301
18.6535737866564
20.301357652165244
18.55861734228791
18.57244108619295
17.73175314480064
17.508797544787782
20.257564552390736
17.6714768418822
17.867438189823314
18.95227583695079
18.980849587788175
19.321408970508006
18.51473286244286
17.255545215178312
19.07624898072138
18.662091524689178
17.67247087788776
18.32587026499383
18.364760668031277
20.62620357256789
19.01453994000948
17.316072204687398
18.530269086119365
18.005454609842943
19.61224892320257
18.597461928221527
19.091899865958602
18.346115698348452
17.855889682911798
17.103197045765878
17.49976137971665
18.931223279974784
18.256687428629366
19.56274355654896
19.074621236158766
18.84672525265952
17.065951852767622
19.103079503426695
17.228269525913326
19.319124859842145
17.29116058244859
17.407923293550432
18.915676111817746
18.842474638771648
18.329407696048648
18.421006763860078
18.89306583247065
18.181372521851145
19.73985740716015
19.913987251274595
16.94202602394209
17.55331470480244
18.942944489793355
19.30839981492843
17.86759298322013
20.406691073703357
19.517124494934603
18.678787792122073
18.638321945168265
19.799380616752956
18.855658815192676
16.947247183728614
18.081236167831566
17.534352944469802
18.576604378091176
18.268707878494777
19.22069445613126
17.98072851053726
18.440594632777863
16.9650863396568
18.93413252157644
18.547978186459492
19.066642423423637
18.26489669159016
19.45324265487488
18.498293427202505
18.94501594992335
19.979763236738606
17.32483475138145
18.164915299292606
17.08294816642673
18.570632366115913
18.32048136329235
17.31672376399295
19.9716056072617
20.333949068803964
20.796303307187102
19.963762426087218
18.220985877685983
19.213007962894665
17.291716196892253
17.972476709095286
18.811958022482457
18.324674435051314
20.209116533431246
19.663598123109313
19.488559908910535
19.069990409537386
17.382649887000017
17.178235112607055
20.0358983515813
20.095743993021443
17.704614539214628
16.017215592639825
19.09262411330817
19.51859147771079
17.411777485183936
19.0185058706759
19.92532553811891
18.77347013965688
18.495360577841648
18.961940652788766
19.918810791370518
20.596917726419708
20.244124262125364
18.790418795000853
18.828138189495757
20.214635750783565
17.626286722181455
18.905948309879324
19.481772684932206
18.447033567912072
18.86683309952956
18.123495180748606
16.805944230130432
18.53091250142903
18.520956406906226
16.548801692910985
21.46266222854104
19.917440143049646
19.808098101334735
18.07716811065063
20.273369048408817
18.842219897195225
18.438528655439473
18.84698608902061
16.901205872119654
17.97264207614977
20.26197663126017
19.312179552724153
17.492861727188433
18.70915016554687
18.572013254165586
19.239598904840513
18.627693621722724
18.652281531185526
19.39398015396522
19.95099898197876
18.39952371713397
20.446854328293814
18.858956650125524
17.631726398314807
19.722625941183498
20.066929229584215
18.034626768154194
18.34756209232312
18.25419572961361
17.816826143050548
19.23087976016796
19.056056359431352
18.622209879638945
16.913875797546353
18.796680236383807
18.31194852135302
18.350824064375896
18.43686474031813
18.806017941946017
18.43163800994458
17.461962968604205
18.462032525705947
19.451856383956077
18.263945361185588
20.09342352348414
19.736744402717207
18.627830337356425
20.05760119723343
18.85751382496093
20.55553230693762
17.471635826993147
20.91578593010015
19.185867336105442
15.598911784326443
18.672294271778206
18.137892899717556
17.79004523789697
19.20415626998709
18.315703232705044
19.061952020866617
19.090656970662543
18.110416556003877
20.028495152673624
19.52596843586299
19.94976572641926
18.34868658650304
17.272016567557852
18.309874015664683
17.470051398429078
18.641323814510294
19.792297723093057
19.856612043875778
18.204226266644007
18.494583849177
16.88201617628865
17.230016637954293
16.499731976478344
16.76588755358902
19.3280198578541
18.493281960192682
18.851975167334665
18.91969425569936
19.452054869358395
17.037413575811268
19.309219943101855
18.480258815854164
17.888937587009856
16.687438206252526
20.14830537317973
18.781477206253474
17.632844033514264
18.335842609012875
18.280101549257232
17.71105484666379
17.941243869661726
19.066721427184696
16.92271658231764
19.376205376950793
18.91587480434199
17.60623583505771
18.143017262445884
18.45943250321554
17.425584811671317
17.51370140396987
18.699698241482384
18.258762974506027
19.595897294371124
17.635326222232774
20.92801217808278
16.777099202493275
17.100571900834368
18.699551874454738
19.021659642951796
18.465189187505295
17.14212197623819
17.258877533032816
19.452195978803616
18.2984439102062
19.522493313343823
17.806561329165806
18.138637731934278
19.266735731088765
18.993152701349537
18.197469369871243
18.416210181747616
18.450526729804405
18.853579466418786
18.644532895681287
19.70312225821403
18.726649970770865
20.008866559976354
18.300813540853436
17.922605678349758
20.324952582064217
17.550089807959466
17.45511974297949
19.105187996277664
18.45684789140643
18.005310721270508
18.780621682779984
20.25192652865605
18.147962908072273
16.344930157612847
18.491685790738178
20.715841719476064
18.82489364256533
18.109146867584283
17.929646998079086
18.843376891703013
17.134389909720234
18.932849186870786
16.44654289311155
17.900506596492118
17.51051055447585
21.448882829178924
18.414067440349207
19.441432149102333
17.982412233693456
18.75587186600578
18.713080342765064
18.057213701993536
19.672527566924725
20.08863664753026
20.185482868738465
17.81542934577053
19.80683851974387
20.24619161365988
18.833666984256684
19.29611644943145
19.20679212394325
18.290312424840245
19.492478932406733
19.516648719019628
19.27581879961386
17.75904383486584
17.616378756662925
19.69555395676748
17.03530468449138
18.161714428851845
20.459483408674267
18.565981719899895
18.77380533190986
19.134020799723405
18.997850898468688
19.43914402466533
17.385436085318222
17.858230344789543
18.239575718456656
19.331288458118742
20.147405327944586
18.70381183887992
18.958838830447448
18.373975434010344
18.24688198465886
18.749891244843162
18.74893152076403
17.513244696418017
18.30197283884432
19.82280491353859
18.330153535716498
19.84430550944964
18.421130008837743
18.10001013462811
16.82063884487297
18.236697613836768
18.316662290981984
19.24198715969945
19.686803329868315
19.892122971464197
18.793565295802054
21.18267052969461
17.99096559026687
17.651521932305002
19.845354907909414
18.632293789387727
19.185981286420308
19.520617035688243
19.1786671702294
18.417816324747545
17.6590950773981
19.53165933538183
19.57045396800588
18.724766915580663
19.31411069520134
18.631418548779497
19.2002021988584
18.180572502297952
19.11024866775221
19.35567164152983
18.69056991340079
18.260114041223424
19.17645582913859
19.999107568702623
16.89621378157013
17.98013305403081
17.38529750426925
19.957588250100542
18.352988873238424
17.48648704024766
19.422751163409945
18.057827346456204
19.792489687373973
20.32052091564706
18.889030904005043
19.790655447083076
18.62399511384775
16.52106124682785
17.798991993166357
17.87301060819997
18.444503983939384
19.130952871587308
21.19873992297368
19.725583071275338
18.13423470749288
17.947993326552997
20.032187924767594
18.671440835766717
19.808643552592503
17.875142479441624
18.722775161851136
17.246287992436066
18.460076720924533
18.95296926281889
17.415138009110027
16.984741052723827
17.66304132277504
15.852816366040027
18.25434556313776
19.027822922605754
17.33153819800255
18.576747431602943
17.974075876216304
15.32935662309647
20.23411523934186
19.278660482275797
18.56607739297322
17.45266474354101
17.36726470689347
19.30833124903089
18.550167540901565
19.219146731715618
17.527943804375337
19.25474762822547
16.61911767196036
20.118870540320504
19.243010771947265
17.85360133967994
19.328591149039347
18.58095106351771
19.83479596258394
21.596038760225706
17.88808197920613
18.43944843446544
19.74638915153147
18.213797912284402
18.650863372925194
16.658786564823604
19.82716288504681
19.140170356525665
20.5211732995532
18.617921959130847
19.933794733893038
18.086793937664776
19.507838337841918
21.349992040366978
18.968211463823696
18.296748571517554
18.587795508123584
16.915256204647715
16.98871673735556
18.50653013517865
17.649557759596878
20.124365045577964
18.801632048632573
19.94187640985425
18.96778345911126
18.820495469231936
17.967853636914896
19.4617492938385
18.231564302455567
19.224830411596205
16.784999126302427
17.911833829525747
19.52637224011602
18.56892436292694
19.478613150769633
18.389674014813824
17.734871955237196
18.94515820991874
18.124962923775158
18.778130558358082
19.46076037359365
18.881260022703092
17.586152535421267
17.16122267323371
20.399783061045056
20.099225187165374
18.342260145636217
18.43484726845565
18.218725936075206
17.646702496655184
18.775656544098624
18.546597897874257
18.104508443131035
18.18739064512393
18.477989070925947
18.23040669837573
17.41677516645773
20.356358134583985
17.440110800547288
19.28860520038205
19.612478668410848
19.172386193891686
18.414781883645414
18.459837131781693
18.273510091988353
18.700295252346464
19.3280268439479
19.050589353411677
18.0839641675122
17.98349303046111
17.029264103263415
17.876852718452405
17.408906192889095
17.25997819870706
16.30554007777648
19.485215438002626
19.145152408868036
17.15693898208861
18.42230299935187
17.593604353150283
18.48608031670222
19.286014629270205
20.126625252582453
19.11949726356764
18.999194666105883
19.62006244853392
20.345168713493695
19.363620242679076
19.41652725940483
18.046020566445
19.742596258356283
18.381254643185265
17.334850404678356
18.787920866864575
18.603008725614792
20.099772607276567
17.682055002743304
17.71375469387964
19.577412431512474
17.892966399581574
18.5059513483938
18.609835978854985
17.63427196825928
18.09399636617644
20.885588275536477
18.07731530840178
19.052560635721004
19.90258388961857
17.14164074033092
21.348465274043818
19.476962462507423
19.328907952715873
18.657871348268465
18.17358203307823
19.470149983329136
18.023918954306705
20.899009405646698
18.097415267793007
19.59610201573858
19.375671389011373
19.06383766696928
18.09569178740983
19.048874557757916
16.926620064514186
17.602182530809234
16.303551560367882
19.389097181200807
18.704134258822847
18.990790594483986
18.60282910516845
18.271566960228334
18.348329574809895
20.450414744180485
18.501389250191263
21.929215765202063
18.115830897225067
18.164472961079834
17.136981752803532
20.33133490260048
17.50685476540568
20.95533204999843
17.82708858623201
19.095153243013044
17.84975612059383
17.533297933442896
19.958139800450077
18.647507090091135
18.191785951105974
17.992208195941114
17.677811214725956
19.70060491556763
21.171635873445993
16.888072806806413
19.079456160195527
19.04603003392337
16.92625088073074
19.25327296844545
19.236948720648538
19.322265811438804
19.664962545102856
19.119627253047465
18.73846934432478
18.43620248161585
19.109247203245737
18.376275250112275
17.43621407955841
18.61421582249874
18.10116781680947
19.499358297220404
15.594181508749744
19.44384388665037
18.24420991650063
18.42231950939612
18.047107016888518
18.053071458862124
18.2866323400811
18.65878653772043
20.62430206536665
18.444949124901676
17.713048897174
20.2101294930268
17.694595838649686
19.178067444180947
17.96446278716204
18.94144437285002
19.162415287125153
17.938920026311163
18.816371120898957
19.420191243431
18.74651382313611
20.507086253866447
17.25094800175175
19.3344424753235
18.96872039538894
18.955867156024787
18.575996827041998
15.718628424312897
19.84840856205935
17.975630046190954
16.630756138568323
18.87187951522172
19.701649915728115
17.941704256161774
18.36712600245463
18.41672382691565
19.671379454319197
17.952833820873945
19.911263686869837
17.72164627516018
19.44304779157866
19.204967557440987
18.093424108985374
18.614573122889166
19.45980825467041
18.48791767990445
17.515751067983288
21.738735615615088
19.103506431126487
18.951977652424166
18.491674989320355
17.16286669795849
18.433393975638857
18.939995571038484
18.435298357687124
20.29688035528261
20.212618183432234
18.39352193312593
17.979514915711725
18.27417015631226
19.469630158381282
20.727033628625005
19.80980457899185
18.30768068137721
18.616204104830135
20.449659569728823
18.323847275078204
19.20894729157724
16.568096884150343
18.63325960386339
18.16718958919762
18.581600708262563
18.433657160560536
20.00164833687365
17.817838098697763
19.32030544134595
15.627397516872621
19.461096289280192
20.0267118388122
18.93136067364261
18.440873284812817
19.098036697784316
18.294367951153106
19.222382953301352
20.907004816713286
18.82959792884938
20.081038759618778
18.645697375983833
19.700247120744606
17.34771521467405
18.94125585321747
18.991027057713154
16.95343428238633
18.920019821153833
19.162134108225743
18.059133955085944
17.50482010173179
17.956414162408922
18.931610793491682
18.76574655255186
19.05076022763726
17.16957023689088
18.75791401384975
18.17090480057052
18.590837052288485
21.00522587380166
18.529430428163863
20.621289921579038
17.291829770523957
18.641611008479785
18.195441509852625
17.851591901267387
20.844449761521485
19.543831590239765
18.693048609045274
19.069511562823333
19.107348455628454
17.325517483021603
19.560245579754724
19.280939973921082
19.18508301534431
17.06839191251109
18.508703985662763
18.451911061559418
20.122699815279248
19.342798044159554
17.806175830936688
18.690425885810903
18.90316021166316
17.927954249238045
17.432766161906777
16.50343269430912
16.969041792909888
18.024306072633497
17.789780584716567
18.74851332830422
19.509121880301098
18.694408958508188
17.979170303957822
19.082437665012705
18.48526286127158
19.4224270785371
17.96770060939059
16.34605971883817
19.986597269437762
15.649745209748342
20.01765569209142
17.81123303096959
17.736231606788337
19.28907522798813
19.30748831801157
18.881024447769207
17.840835517509817
17.97559631743069
19.751516081342
19.03862257639592
18.461717530787855
21.819989385105266
18.569194697917755
19.35818466139983
17.22122916394141
19.888738513089645
18.347783052297903
19.092879036892366
18.56346750859466
17.63205838421164
17.341140616664227
18.494204127009635
19.192957851876955
19.76530573523709
17.99254900862282
17.17793388380758
17.78820727208483
19.842933663713364
18.689033564501827
17.921020168946885
18.140706295306824
19.71693435738129
17.409984222644884
17.469590209533624
18.41354950170337
16.799355256905923
18.785621859692334
19.711884601643234
18.289529057194088
17.267970079817946
19.616579477061947
17.802804212181606
17.28978327480135
19.678286601681194
18.64332384400936
18.41353974464775
17.67908041820933
20.024423139837875
19.087315793692724
18.078294289979404
18.08025738787882
16.290879348921386
18.282858316860864
18.19690901042754
18.392644488159988
17.183187215465555
17.17449679339072
18.68951293607807
19.35518639268448
17.287393281797492
17.185471694850996
17.938972963598825
19.157629268143246
20.198181374273098
18.632730052823334
17.977945959205233
17.609335501266383
18.46642606108622
19.137144763110708
18.41938732025344
19.522986245568443
20.14850660463086
17.05244279259458
17.40729568439257
19.41387755279031
18.094680709836492
19.457884930334583
19.041068685126
17.819169162756417
19.42779605542665
17.980614583421627
18.777515952573875
17.570646352992284
19.143310868907808
19.6609734125178
19.669053085122982
19.71060923319858
19.18511223309064
18.97722787702149
17.427921736286066
18.84720602458379
18.70075191929585
18.714691612191775
18.959019490198695
19.81744984074504
18.468584003415327
16.919579421665727
18.76756600235897
18.34857651457291
16.774646797361946
19.433003241067613
19.317214638016374
17.78343550136932
19.22407402979187
17.13878722549833
17.998325944530666
19.030873257019305
18.444216467248737
17.847430337258952
19.010492310534953
18.63616670686987
18.2709882040965
18.82509730530522
17.73053446342322
19.21895023232749
19.98675682341603
17.421322382843815
18.299037284685607
19.943962200137385
19.189193255558568
19.364534772014604
17.977097796960155
17.07063226214304
17.631630813698543
19.46591453170219
19.456227389541883
18.519976839913088
17.200335409772794
19.04899916571655
18.161789417819076
20.25879828562675
18.503418861920228
18.86724241126773
18.62605050143056
17.988643139400846
20.2381979852554
16.959484201609666
16.830144939184216
19.888297347778153
17.813430960746107
17.67188709222084
18.681706987031713
16.118115639394865
18.72272652114328
18.818080800011884
18.325089118019395
17.542931047168924
17.72773546208563
17.513415897723903
18.78154094560877
17.408217644104756
18.556953104983663
16.77424111662713
17.77832293059246
17.339899833264802
19.480073072912035
19.091018512754957
18.270635936033546
19.74325322706484
19.24387098551769
19.676708540374296
17.940877432547282
19.298071916979275
18.961701779272207
18.188797840220374
17.973545327198458
20.01561458492469
17.991873414758718
17.89548476176231
17.98732152117928
17.90426639169772
17.303086131087333
18.758906214483734
17.98757018279438
19.395387243817833
16.80681981676551
17.0281515928046
18.018063598188437
18.948507435192997
18.86963090597135
19.1442325109187
18.56780364260308
16.409160532234115
18.830851421108814
20.331224256643228
18.939154331231197
17.521395799149662
18.824316580622227
19.325144586930506
19.071715704108026
18.709851250165457
20.601966375624734
17.518769119548615
18.358356222884975
18.72024842076878
17.072121851415766
19.253981209188478
19.566223833890245
19.165315372856647
17.56747154457138
19.369400661108376
18.52906650663291
18.41961493074552
19.6994616380951
19.512148062175537
20.691329635211563
19.687155713007733
19.444591286325675
18.590053052196286
19.059724678198734
18.743545342950796
20.02197446413799
19.599407847537737
18.57508899285646
18.360898903344033
19.644032194421083
18.168241117133103
20.245855622626888
18.90963259964351
17.348027009519274
17.75796953237738
19.020679741499393
18.69401878326669
19.565556333727432
19.59400255314454
18.752478735007344
20.382784625292043
16.907189883727373
19.10814814621235
18.964456610591554
18.6781454803701
18.343726539020388
16.5791538575433
16.932467055758938
17.363452339646024
18.1605479884735
19.755082493201897
17.622120832458517
17.723506377978072
19.762255520993463
18.774862416216845
17.11453004235327
19.427297437133905
18.423774454351047
18.523394000080504
18.81709236388661
20.34529927063395
19.75570722903512
19.885343132946826
19.748366220167203
18.833790504121506
20.088660844873104
20.241491877801675
17.61410741000828
19.755553880825673
17.746058544948855
18.234055537767077
18.128091105866336
18.143329838748993
19.083640574595883
19.285848303538508
19.800701750726155
21.11826823502549
18.007254051648157
19.352117731455355
18.948339366925595
18.646960127436515
18.01938044858982
